10848
2.288
-1.473507E-17
1.682723
28.14961
20.70279
0
-1
0
2.288
-1.473507E-17
2.016
28.14961
24.80315
0
-1
0
-2.288
-1.473507E-17
2.016
-28.14961
24.80315
0
-1
0
-2.288
-1.473507E-17
2.016
-28.14961
24.80315
0
-1
0
2.038
-1.473507E-17
1.682723
25.07382
20.70279
0
-1
0
2.288
-1.473507E-17
1.682723
28.14961
20.70279
0
-1
0
-2.288
-1.473507E-17
2.016
-28.14961
24.80315
0
-1
0
2.038
-1.473507E-17
-1.682723
25.07382
-20.70279
0
-1
0
2.038
-1.473507E-17
1.682723
25.07382
20.70279
0
-1
0
-2.288
-1.473507E-17
2.016
-28.14961
24.80315
0
-1
0
-2.038
-1.473507E-17
1.682723
-25.07382
20.70279
0
-1
0
2.038
-1.473507E-17
-1.682723
25.07382
-20.70279
0
-1
0
-2.288
-1.473507E-17
2.016
-28.14961
24.80315
0
-1
0
-2.288
-1.473507E-17
1.682723
-28.14961
20.70279
0
-1
0
-2.038
-1.473507E-17
1.682723
-25.07382
20.70279
0
-1
0
2.038
-1.473507E-17
-1.682723
25.07382
-20.70279
0
-1
0
-2.038
-1.473507E-17
1.682723
-25.07382
20.70279
0
-1
0
-2.038
-1.473507E-17
-1.682723
-25.07382
-20.70279
0
-1
0
2.038
-1.473507E-17
-1.682723
25.07382
-20.70279
0
-1
0
-2.038
-1.473507E-17
-1.682723
-25.07382
-20.70279
0
-1
0
-2.288
-1.473507E-17
-2.016
-28.14961
-24.80315
0
-1
0
2.038
-1.473507E-17
-1.682723
25.07382
-20.70279
0
-1
0
-2.288
-1.473507E-17
-2.016
-28.14961
-24.80315
0
-1
0
2.288
-1.473507E-17
-2.016
28.14961
-24.80315
0
-1
0
2.288
-1.473507E-17
-2.016
28.14961
-24.80315
0
-1
0
2.288
-1.473507E-17
-1.682723
28.14961
-20.70279
0
-1
0
2.038
-1.473507E-17
-1.682723
25.07382
-20.70279
0
-1
0
-2.038
-1.473507E-17
-1.682723
-25.07382
-20.70279
0
-1
0
-2.288
-1.473507E-17
-1.682723
-28.14961
-20.70279
0
-1
0
-2.288
-1.473507E-17
-2.016
-28.14961
-24.80315
0
-1
0
1.908977
3.296
-1.314417
-23.48643
-16.17147
0
1
0
2.288
3.296
1.69344
-28.14961
20.83465
0
1
0
2.288
3.296
-1.69344
-28.14961
-20.83465
0
1
0
2.288
3.296
-1.69344
-28.14961
-20.83465
0
1
0
0.572
3.296
-1.69344
-7.037402
-20.83465
0
1
0
1.908977
3.296
-1.314417
-23.48643
-16.17147
0
1
0
0.572
3.296
-1.69344
-7.037402
-20.83465
0
1
0
-1.908977
3.296
-1.314417
23.48643
-16.17147
0
1
0
1.908977
3.296
-1.314417
-23.48643
-16.17147
0
1
0
0.572
3.296
-1.69344
-7.037402
-20.83465
0
1
0
-0.572
3.296
-1.69344
7.037402
-20.83465
0
1
0
-1.908977
3.296
-1.314417
23.48643
-16.17147
0
1
0
-0.572
3.296
-1.69344
7.037402
-20.83465
0
1
0
-2.288
3.296
-1.69344
28.14961
-20.83465
0
1
0
-1.908977
3.296
-1.314417
23.48643
-16.17147
0
1
0
-2.288
3.296
-1.69344
28.14961
-20.83465
0
1
0
-1.908977
3.296
1.314417
23.48643
16.17147
0
1
0
-1.908977
3.296
-1.314417
23.48643
-16.17147
0
1
0
2.288
3.296
1.69344
-28.14961
20.83465
0
1
0
1.908977
3.296
-1.314417
-23.48643
-16.17147
0
1
0
1.908977
3.296
1.314417
-23.48643
16.17147
0
1
0
1.908977
3.296
1.314417
-23.48643
16.17147
0
1
0
-2.288
3.296
1.69344
28.14961
20.83465
0
1
0
2.288
3.296
1.69344
-28.14961
20.83465
0
1
0
1.908977
3.296
1.314417
-23.48643
16.17147
0
1
0
-1.908977
3.296
1.314417
23.48643
16.17147
0
1
0
-2.288
3.296
1.69344
28.14961
20.83465
0
1
0
-1.908977
3.296
1.314417
23.48643
16.17147
0
1
0
-2.288
3.296
-1.69344
28.14961
-20.83465
0
1
0
-2.288
3.296
1.69344
28.14961
20.83465
0
1
0
-2.288
3.296
-1.69344
-20.83465
40.55118
-1
0
0
-2.288
1.406143
-1.878389
-23.1101
17.29999
-1
0
0
-2.288
1.406143
-1.545112
-19.00974
17.29999
-1
0
0
-2.288
1.406143
-1.545112
-19.00974
17.29999
-1
0
0
-2.288
2.964307
-1.392624
-17.13366
36.47032
-1
0
0
-2.288
3.296
-1.69344
-20.83465
40.55118
-1
0
0
-2.288
2.964307
-1.392624
-17.13366
36.47032
-1
0
0
-2.288
3.296
1.69344
20.83465
40.55118
-1
0
0
-2.288
3.296
-1.69344
-20.83465
40.55118
-1
0
0
-2.288
2.964307
-1.392624
-17.13366
36.47032
-1
0
0
-2.288
2.964307
1.392624
17.13366
36.47032
-1
0
0
-2.288
3.296
1.69344
20.83465
40.55118
-1
0
0
-2.288
2.964307
1.392624
17.13366
36.47032
-1
0
0
-2.288
-1.473507E-17
1.682723
20.70279
-1.812878E-16
-1
0
0
-2.288
3.296
1.69344
20.83465
40.55118
-1
0
0
-2.288
-1.473507E-17
1.682723
20.70279
-1.812878E-16
-1
0
0
-2.288
-1.473507E-17
2.016
24.80315
-1.812878E-16
-1
0
0
-2.288
3.296
1.69344
20.83465
40.55118
-1
0
0
-2.288
-1.473507E-17
2.016
-28.14961
-2.415797
0
0.09739877
0.9952454
2.288
-1.473507E-17
2.016
28.14961
-2.415797
0
0.09739877
0.9952454
2.288
3.296
1.69344
28.14961
38.32911
0
0.09739877
0.9952454
2.288
3.296
1.69344
28.14961
38.32911
0
0.09739877
0.9952454
-2.288
3.296
1.69344
-28.14961
38.32911
0
0.09739877
0.9952454
-2.288
-1.473507E-17
2.016
-28.14961
-2.415797
0
0.09739877
0.9952454
-1.908977
0.736
-1.314417
-23.48643
9.055119
0
0
1
1.908977
0.736
-1.314417
23.48643
9.055119
0
0
1
1.908977
3.296
-1.314417
23.48643
40.55118
0
0
1
1.908977
3.296
-1.314417
23.48643
40.55118
0
0
1
-1.908977
3.296
-1.314417
-23.48643
40.55118
0
0
1
-1.908977
0.736
-1.314417
-23.48643
9.055119
0
0
1
-1.908977
0.736
-1.314417
16.17147
9.055119
1
0
0
-1.908977
3.296
-1.314417
16.17147
40.55118
1
0
0
-1.908977
3.296
1.314417
-16.17147
40.55118
1
0
0
-1.908977
3.296
1.314417
-16.17147
40.55118
1
0
0
-1.908977
0.736
1.314417
-16.17147
9.055119
1
0
0
-1.908977
0.736
-1.314417
16.17147
9.055119
1
0
0
1.908977
0.736
1.314417
-23.48643
9.055119
0
0
-1
-1.908977
0.736
1.314417
23.48643
9.055119
0
0
-1
-1.908977
3.296
1.314417
23.48643
40.55118
0
0
-1
-1.908977
3.296
1.314417
23.48643
40.55118
0
0
-1
1.908977
3.296
1.314417
-23.48643
40.55118
0
0
-1
1.908977
0.736
1.314417
-23.48643
9.055119
0
0
-1
2.288
-1.473507E-17
-1.682723
20.70279
-1.812878E-16
1
0
0
2.288
-1.473507E-17
-2.016
24.80315
-1.812878E-16
1
0
0
2.288
0.8101872
-1.936712
23.82765
9.967855
1
0
0
2.288
0.8101872
-1.936712
23.82765
9.967855
1
0
0
2.288
0.8101872
-1.603435
19.72729
9.967855
1
0
0
2.288
-1.473507E-17
-1.682723
20.70279
-1.812878E-16
1
0
0
2.038
-1.473507E-17
1.682723
-20.70279
-1.812878E-16
1
0
0
2.038
-1.473507E-17
-1.682723
20.70279
-1.812878E-16
1
0
0
2.038
2.964307
-1.392624
17.13366
36.47032
1
0
0
2.038
2.964307
-1.392624
17.13366
36.47032
1
0
0
2.038
2.964307
1.392624
-17.13366
36.47032
1
0
0
2.038
-1.473507E-17
1.682723
-20.70279
-1.812878E-16
1
0
0
2.288
-1.473507E-17
1.682723
-28.14961
-2.016427
0
-0.09739877
-0.9952454
2.038
-1.473507E-17
1.682723
-25.07382
-2.016427
0
-0.09739877
-0.9952454
2.038
2.964307
1.392624
-25.07382
34.62812
0
-0.09739877
-0.9952454
2.038
2.964307
1.392624
-25.07382
34.62812
0
-0.09739877
-0.9952454
2.288
2.964307
1.392624
-28.14961
34.62812
0
-0.09739877
-0.9952454
2.288
-1.473507E-17
1.682723
-28.14961
-2.016427
0
-0.09739877
-0.9952454
2.038
-1.473507E-17
-1.682723
25.07382
-2.016427
0
-0.09739877
0.9952454
2.288
-1.473507E-17
-1.682723
28.14961
-2.016427
0
-0.09739877
0.9952454
2.288
0.8101872
-1.603435
28.14961
7.999048
0
-0.09739877
0.9952454
2.288
0.8101872
-1.603435
28.14961
7.999048
0
-0.09739877
0.9952454
2.038
2.964307
-1.392624
25.07382
34.62812
0
-0.09739877
0.9952454
2.038
-1.473507E-17
-1.682723
25.07382
-2.016427
0
-0.09739877
0.9952454
2.288
0.8101872
-1.603435
28.14961
7.999048
0
-0.09739877
0.9952454
2.288
1.406143
-1.545112
28.14961
15.36621
0
-0.09739877
0.9952454
2.038
2.964307
-1.392624
25.07382
34.62812
0
-0.09739877
0.9952454
2.288
1.406143
-1.545112
28.14961
15.36621
0
-0.09739877
0.9952454
2.288
2.964307
-1.392624
28.14961
34.62812
0
-0.09739877
0.9952454
2.038
2.964307
-1.392624
25.07382
34.62812
0
-0.09739877
0.9952454
2.288
2.964307
-1.392624
28.14961
-17.13366
0
-1
0
2.288
2.964307
1.392624
28.14961
17.13366
0
-1
0
2.038
2.964307
1.392624
25.07382
17.13366
0
-1
0
2.038
2.964307
1.392624
25.07382
17.13366
0
-1
0
2.038
2.964307
-1.392624
25.07382
-17.13366
0
-1
0
2.288
2.964307
-1.392624
28.14961
-17.13366
0
-1
0
-2.038
2.964307
-1.392624
-17.13366
36.47032
-1
0
0
-2.038
-1.473507E-17
-1.682723
-20.70279
-1.812878E-16
-1
0
0
-2.038
-1.473507E-17
1.682723
20.70279
-1.812878E-16
-1
0
0
-2.038
-1.473507E-17
1.682723
20.70279
-1.812878E-16
-1
0
0
-2.038
2.964307
1.392624
17.13366
36.47032
-1
0
0
-2.038
2.964307
-1.392624
-17.13366
36.47032
-1
0
0
-2.288
-1.473507E-17
-1.682723
-28.14961
-2.016427
0
-0.09739877
0.9952454
-2.038
-1.473507E-17
-1.682723
-25.07382
-2.016427
0
-0.09739877
0.9952454
-2.038
2.964307
-1.392624
-25.07382
34.62812
0
-0.09739877
0.9952454
-2.038
2.964307
-1.392624
-25.07382
34.62812
0
-0.09739877
0.9952454
-2.288
0.8101872
-1.603435
-28.14961
7.999048
0
-0.09739877
0.9952454
-2.288
-1.473507E-17
-1.682723
-28.14961
-2.016427
0
-0.09739877
0.9952454
-2.038
2.964307
-1.392624
-25.07382
34.62812
0
-0.09739877
0.9952454
-2.288
1.406143
-1.545112
-28.14961
15.36621
0
-0.09739877
0.9952454
-2.288
0.8101872
-1.603435
-28.14961
7.999048
0
-0.09739877
0.9952454
-2.038
2.964307
-1.392624
-25.07382
34.62812
0
-0.09739877
0.9952454
-2.288
2.964307
-1.392624
-28.14961
34.62812
0
-0.09739877
0.9952454
-2.288
1.406143
-1.545112
-28.14961
15.36621
0
-0.09739877
0.9952454
-2.038
-1.473507E-17
1.682723
25.07382
-2.016427
0
-0.09739877
-0.9952454
-2.288
-1.473507E-17
1.682723
28.14961
-2.016427
0
-0.09739877
-0.9952454
-2.288
2.964307
1.392624
28.14961
34.62812
0
-0.09739877
-0.9952454
-2.288
2.964307
1.392624
28.14961
34.62812
0
-0.09739877
-0.9952454
-2.038
2.964307
1.392624
25.07382
34.62812
0
-0.09739877
-0.9952454
-2.038
-1.473507E-17
1.682723
25.07382
-2.016427
0
-0.09739877
-0.9952454
-2.038
2.964307
-1.392624
-25.07382
-17.13366
0
-1
0
-2.038
2.964307
1.392624
-25.07382
17.13366
0
-1
0
-2.288
2.964307
1.392624
-28.14961
17.13366
0
-1
0
-2.288
2.964307
1.392624
-28.14961
17.13366
0
-1
0
-2.288
2.964307
-1.392624
-28.14961
-17.13366
0
-1
0
-2.038
2.964307
-1.392624
-25.07382
-17.13366
0
-1
0
1.908977
0.736
1.314417
-23.48643
16.17147
0
1
0
1.908977
0.736
-1.314417
-23.48643
-16.17147
0
1
0
-1.908977
0.736
-1.314417
23.48643
-16.17147
0
1
0
-1.908977
0.736
-1.314417
23.48643
-16.17147
0
1
0
-1.908977
0.736
1.314417
23.48643
16.17147
0
1
0
1.908977
0.736
1.314417
-23.48643
16.17147
0
1
0
1.908977
3.296
-1.314417
-16.17147
40.55118
-1
0
0
1.908977
0.736
-1.314417
-16.17147
9.055119
-1
0
0
1.908977
0.736
1.314417
16.17147
9.055119
-1
0
0
1.908977
0.736
1.314417
16.17147
9.055119
-1
0
0
1.908977
3.296
1.314417
16.17147
40.55118
-1
0
0
1.908977
3.296
-1.314417
-16.17147
40.55118
-1
0
0
-0.572
2.424876
-1.778692
7.037402
27.56034
0
0.09739877
-0.9952454
2.288
1.406143
-1.878389
-28.14961
14.96684
0
0.09739877
-0.9952454
-2.288
1.406143
-1.878389
28.14961
14.96684
0
0.09739877
-0.9952454
-2.288
1.406143
-1.878389
28.14961
14.96684
0
0.09739877
-0.9952454
-2.288
3.296
-1.69344
28.14961
38.32911
0
0.09739877
-0.9952454
-0.572
2.424876
-1.778692
7.037402
27.56034
0
0.09739877
-0.9952454
-2.288
3.296
-1.69344
28.14961
38.32911
0
0.09739877
-0.9952454
-0.572
3.296
-1.69344
7.037402
38.32911
0
0.09739877
-0.9952454
-0.572
2.424876
-1.778692
7.037402
27.56034
0
0.09739877
-0.9952454
2.288
1.406143
-1.878389
-28.14961
14.96684
0
0.09739877
-0.9952454
-0.572
2.424876
-1.778692
7.037402
27.56034
0
0.09739877
-0.9952454
0.572
2.424876
-1.778692
-7.037402
27.56034
0
0.09739877
-0.9952454
0.572
2.424876
-1.778692
-7.037402
27.56034
0
0.09739877
-0.9952454
2.288
3.296
-1.69344
-28.14961
38.32911
0
0.09739877
-0.9952454
2.288
1.406143
-1.878389
-28.14961
14.96684
0
0.09739877
-0.9952454
0.572
2.424876
-1.778692
-7.037402
27.56034
0
0.09739877
-0.9952454
0.572
3.296
-1.69344
-7.037402
38.32911
0
0.09739877
-0.9952454
2.288
3.296
-1.69344
-28.14961
38.32911
0
0.09739877
-0.9952454
2.288
-1.473507E-17
-2.016
-28.14961
-2.415797
0
0.09739877
-0.9952454
-2.288
-1.473507E-17
-2.016
28.14961
-2.415797
0
0.09739877
-0.9952454
-2.288
0.8101872
-1.936712
28.14961
7.599679
0
0.09739877
-0.9952454
-2.288
0.8101872
-1.936712
28.14961
7.599679
0
0.09739877
-0.9952454
2.288
0.8101872
-1.936712
-28.14961
7.599679
0
0.09739877
-0.9952454
2.288
-1.473507E-17
-2.016
-28.14961
-2.415797
0
0.09739877
-0.9952454
-2.288
0.8101872
-1.936712
-23.82765
9.967855
-1
0
0
-2.288
-1.473507E-17
-2.016
-24.80315
-1.812878E-16
-1
0
0
-2.288
-1.473507E-17
-1.682723
-20.70279
-1.812878E-16
-1
0
0
-2.288
-1.473507E-17
-1.682723
-20.70279
-1.812878E-16
-1
0
0
-2.288
0.8101872
-1.603435
-19.72729
9.967855
-1
0
0
-2.288
0.8101872
-1.936712
-23.82765
9.967855
-1
0
0
2.288
1.406143
-1.545112
19.00974
17.29999
1
0
0
2.288
1.406143
-1.878389
23.1101
17.29999
1
0
0
2.288
3.296
-1.69344
20.83465
40.55118
1
0
0
2.288
3.296
-1.69344
20.83465
40.55118
1
0
0
2.288
2.964307
-1.392624
17.13366
36.47032
1
0
0
2.288
1.406143
-1.545112
19.00974
17.29999
1
0
0
2.288
3.296
-1.69344
20.83465
40.55118
1
0
0
2.288
3.296
1.69344
-20.83465
40.55118
1
0
0
2.288
2.964307
-1.392624
17.13366
36.47032
1
0
0
2.288
3.296
1.69344
-20.83465
40.55118
1
0
0
2.288
2.964307
1.392624
-17.13366
36.47032
1
0
0
2.288
2.964307
-1.392624
17.13366
36.47032
1
0
0
2.288
3.296
1.69344
-20.83465
40.55118
1
0
0
2.288
-1.473507E-17
1.682723
-20.70279
-1.812878E-16
1
0
0
2.288
2.964307
1.392624
-17.13366
36.47032
1
0
0
2.288
3.296
1.69344
-20.83465
40.55118
1
0
0
2.288
-1.473507E-17
2.016
-24.80315
-1.812878E-16
1
0
0
2.288
-1.473507E-17
1.682723
-20.70279
-1.812878E-16
1
0
0
2.288
0.8101872
-1.936712
-28.14961
7.599679
0
0.09739877
-0.9952454
-2.288
0.8101872
-1.936712
28.14961
7.599679
0
0.09739877
-0.9952454
-2.288
1.406143
-1.878389
28.14961
14.96684
0
0.09739877
-0.9952454
-2.288
1.406143
-1.878389
28.14961
14.96684
0
0.09739877
-0.9952454
2.288
1.406143
-1.878389
-28.14961
14.96684
0
0.09739877
-0.9952454
2.288
0.8101872
-1.936712
-28.14961
7.599679
0
0.09739877
-0.9952454
0.572
2.45012
-2.036641
-7.037402
27.56034
0
0.09739877
-0.9952454
-0.572
2.45012
-2.036641
7.037402
27.56034
0
0.09739877
-0.9952454
-0.572
3.321244
-1.951389
7.037402
38.32911
0
0.09739877
-0.9952454
-0.572
3.321244
-1.951389
7.037402
38.32911
0
0.09739877
-0.9952454
0.572
3.321244
-1.951389
-7.037402
38.32911
0
0.09739877
-0.9952454
0.572
2.45012
-2.036641
-7.037402
27.56034
0
0.09739877
-0.9952454
0.572
3.296
-1.69344
7.037402
24.68522
0
0.9952454
0.09739877
0.572
3.321244
-1.951389
7.037402
27.87398
0
0.9952454
0.09739877
-0.572
3.321244
-1.951389
-7.037402
27.87398
0
0.9952454
0.09739877
-0.572
3.321244
-1.951389
-7.037402
27.87398
0
0.9952454
0.09739877
-0.572
3.296
-1.69344
-7.037402
24.68522
0
0.9952454
0.09739877
0.572
3.296
-1.69344
7.037402
24.68522
0
0.9952454
0.09739877
0.572
2.424876
-1.778692
21.88351
29.83361
1
0
0
0.572
2.45012
-2.036641
25.0571
30.1442
1
0
0
0.572
3.321244
-1.951389
24.00824
40.86176
1
0
0
0.572
3.321244
-1.951389
24.00824
40.86176
1
0
0
0.572
3.296
-1.69344
20.83465
40.55118
1
0
0
0.572
2.424876
-1.778692
21.88351
29.83361
1
0
0
0.572
2.45012
-2.036641
-7.037402
27.87398
0
-0.9952454
-0.09739877
0.572
2.424876
-1.778692
-7.037402
24.68522
0
-0.9952454
-0.09739877
-0.572
2.424876
-1.778692
7.037402
24.68522
0
-0.9952454
-0.09739877
-0.572
2.424876
-1.778692
7.037402
24.68522
0
-0.9952454
-0.09739877
-0.572
2.45012
-2.036641
7.037402
27.87398
0
-0.9952454
-0.09739877
0.572
2.45012
-2.036641
-7.037402
27.87398
0
-0.9952454
-0.09739877
-0.572
3.321244
-1.951389
-24.00824
40.86176
-1
0
0
-0.572
2.45012
-2.036641
-25.0571
30.1442
-1
0
0
-0.572
2.424876
-1.778692
-21.88351
29.83361
-1
0
0
-0.572
2.424876
-1.778692
-21.88351
29.83361
-1
0
0
-0.572
3.296
-1.69344
-20.83465
40.55118
-1
0
0
-0.572
3.321244
-1.951389
-24.00824
40.86176
-1
0
0
-2.288
1.406143
-1.878389
-23.1101
17.29999
-1
0
0
-2.288
0.8101872
-1.936712
-23.82765
9.967855
-1
0
0
-2.288
0.8101872
-1.603435
-19.72729
9.967855
-1
0
0
-2.288
0.8101872
-1.603435
-19.72729
9.967855
-1
0
0
-2.288
1.406143
-1.545112
-19.00974
17.29999
-1
0
0
-2.288
1.406143
-1.878389
-23.1101
17.29999
-1
0
0
2.288
0.8101872
-1.603435
19.72729
9.967855
1
0
0
2.288
0.8101872
-1.936712
23.82765
9.967855
1
0
0
2.288
1.406143
-1.878389
23.1101
17.29999
1
0
0
2.288
1.406143
-1.878389
23.1101
17.29999
1
0
0
2.288
1.406143
-1.545112
19.00974
17.29999
1
0
0
2.288
0.8101872
-1.603435
19.72729
9.967855
1
0
0
-2.288
3.734294
-1.635737
-40.95937
5.392403
-1
0
0
-2.288
3.296
-1.69344
-41.66929
0
-1
0
0
-2.288
3.296
1.69344
0
0
-1
0
0
-2.288
3.296
1.69344
0
0
-1
0
0
-2.288
4.14272
-1.466562
-38.87798
10.41732
-1
0
0
-2.288
3.734294
-1.635737
-40.95937
5.392403
-1
0
0
-2.288
3.296
1.69344
0
0
-1
0
0
-2.288
4.493443
-1.197443
-35.56696
14.73232
-1
0
0
-2.288
4.14272
-1.466562
-38.87798
10.41732
-1
0
0
-2.288
3.296
1.69344
0
0
-1
0
0
-2.288
4.762562
-0.8467199
-31.25197
18.04333
-1
0
0
-2.288
4.493443
-1.197443
-35.56696
14.73232
-1
0
0
-2.288
3.296
1.69344
0
0
-1
0
0
-2.288
4.931737
-0.4382944
-26.22705
20.12472
-1
0
0
-2.288
4.762562
-0.8467199
-31.25197
18.04333
-1
0
0
-2.288
3.296
1.69344
0
0
-1
0
0
-2.288
4.98944
0
-20.83465
20.83465
-1
0
0
-2.288
4.931737
-0.4382944
-26.22705
20.12472
-1
0
0
-2.288
3.296
1.69344
0
0
-1
0
0
-2.288
4.931737
0.4382946
-15.44224
20.12472
-1
0
0
-2.288
4.98944
0
-20.83465
20.83465
-1
0
0
-2.288
3.296
1.69344
0
0
-1
0
0
-2.288
4.762562
0.84672
-10.41732
18.04333
-1
0
0
-2.288
4.931737
0.4382946
-15.44224
20.12472
-1
0
0
-2.288
3.296
1.69344
0
0
-1
0
0
-2.288
4.493443
1.197443
-6.102326
14.73232
-1
0
0
-2.288
4.762562
0.84672
-10.41732
18.04333
-1
0
0
-2.288
3.296
1.69344
0
0
-1
0
0
-2.288
4.14272
1.466562
-2.791313
10.41732
-1
0
0
-2.288
4.493443
1.197443
-6.102326
14.73232
-1
0
0
-2.288
3.296
1.69344
0
0
-1
0
0
-2.288
3.734294
1.635737
-0.7099233
5.392403
-1
0
0
-2.288
4.14272
1.466562
-2.791313
10.41732
-1
0
0
2.288
3.296
-1.69344
28.14961
-41.66929
0
-1
0
2.288
3.296
1.69344
28.14961
0
0
-1
0
-2.288
3.296
1.69344
-28.14961
0
0
-1
0
-2.288
3.296
1.69344
-28.14961
0
0
-1
0
-2.288
3.296
-1.69344
-28.14961
-41.66929
0
-1
0
2.288
3.296
-1.69344
28.14961
-41.66929
0
-1
0
2.288
3.296
1.69344
0
0
1
0
0
2.288
3.296
-1.69344
41.66929
0
1
0
0
2.288
3.734294
-1.635737
40.95937
5.392403
1
0
0
2.288
3.734294
-1.635737
40.95937
5.392403
1
0
0
2.288
4.14272
-1.466562
38.87798
10.41732
1
0
0
2.288
3.296
1.69344
0
0
1
0
0
2.288
4.14272
-1.466562
38.87798
10.41732
1
0
0
2.288
4.493443
-1.197443
35.56696
14.73232
1
0
0
2.288
3.296
1.69344
0
0
1
0
0
2.288
4.493443
-1.197443
35.56696
14.73232
1
0
0
2.288
4.762562
-0.8467199
31.25197
18.04333
1
0
0
2.288
3.296
1.69344
0
0
1
0
0
2.288
4.762562
-0.8467199
31.25197
18.04333
1
0
0
2.288
4.931737
-0.4382944
26.22705
20.12472
1
0
0
2.288
3.296
1.69344
0
0
1
0
0
2.288
4.931737
-0.4382944
26.22705
20.12472
1
0
0
2.288
4.98944
0
20.83465
20.83465
1
0
0
2.288
3.296
1.69344
0
0
1
0
0
2.288
4.98944
0
20.83465
20.83465
1
0
0
2.288
4.931737
0.4382946
15.44224
20.12472
1
0
0
2.288
3.296
1.69344
0
0
1
0
0
2.288
4.931737
0.4382946
15.44224
20.12472
1
0
0
2.288
4.762562
0.84672
10.41732
18.04333
1
0
0
2.288
3.296
1.69344
0
0
1
0
0
2.288
4.762562
0.84672
10.41732
18.04333
1
0
0
2.288
4.493443
1.197443
6.102326
14.73232
1
0
0
2.288
3.296
1.69344
0
0
1
0
0
2.288
4.493443
1.197443
6.102326
14.73232
1
0
0
2.288
4.14272
1.466562
2.791313
10.41732
1
0
0
2.288
3.296
1.69344
0
0
1
0
0
2.288
4.14272
1.466562
2.791313
10.41732
1
0
0
2.288
3.734294
1.635737
0.7099233
5.392403
1
0
0
2.288
3.296
1.69344
0
0
1
0
0
2.448
3.329849
-1.950547
-30.11811
44.50333
0
-0.9914449
-0.1305262
2.448
3.296
-1.69344
-30.11811
41.31281
0
-0.9914449
-0.1305262
2.288
3.296
-1.69344
-28.14961
41.31281
0
-0.9914449
-0.1305262
2.288
3.296
-1.69344
-28.14961
41.31281
0
-0.9914449
-0.1305262
1.948
3.329849
-1.950547
-23.96654
44.50333
0
-0.9914449
-0.1305262
2.448
3.329849
-1.950547
-30.11811
44.50333
0
-0.9914449
-0.1305262
2.288
3.296
-1.69344
-28.14961
41.31281
0
-0.9914449
-0.1305262
-2.288
3.296
-1.69344
28.14961
41.31281
0
-0.9914449
-0.1305262
1.948
3.329849
-1.950547
-23.96654
44.50333
0
-0.9914449
-0.1305262
-2.288
3.296
-1.69344
28.14961
41.31281
0
-0.9914449
-0.1305262
1.448
3.329849
-1.950547
-17.81496
44.50333
0
-0.9914449
-0.1305262
1.948
3.329849
-1.950547
-23.96654
44.50333
0
-0.9914449
-0.1305262
-2.288
3.296
-1.69344
28.14961
41.31281
0
-0.9914449
-0.1305262
-1.448
3.329849
-1.950547
17.81496
44.50333
0
-0.9914449
-0.1305262
1.448
3.329849
-1.950547
-17.81496
44.50333
0
-0.9914449
-0.1305262
-2.288
3.296
-1.69344
28.14961
41.31281
0
-0.9914449
-0.1305262
-1.948
3.329849
-1.950547
23.96654
44.50333
0
-0.9914449
-0.1305262
-1.448
3.329849
-1.950547
17.81496
44.50333
0
-0.9914449
-0.1305262
-2.288
3.296
-1.69344
28.14961
41.31281
0
-0.9914449
-0.1305262
-2.448
3.329849
-1.950547
30.11811
44.50333
0
-0.9914449
-0.1305262
-1.948
3.329849
-1.950547
23.96654
44.50333
0
-0.9914449
-0.1305262
-2.288
3.296
-1.69344
28.14961
41.31281
0
-0.9914449
-0.1305262
-2.448
3.296
-1.69344
30.11811
41.31281
0
-0.9914449
-0.1305262
-2.448
3.329849
-1.950547
30.11811
44.50333
0
-0.9914449
-0.1305262
-1.948
3.329849
-1.950547
23.96654
-5.438934
0
0.1305262
-0.9914449
-2.448
3.329849
-1.950547
30.11811
-5.438934
0
0.1305262
-0.9914449
-2.448
3.801992
-1.888388
30.11811
0.4200409
0
0.258819
-0.9659258
-2.448
3.801992
-1.888388
30.11811
0.4200409
0
0.258819
-0.9659258
-1.948
3.801992
-1.888388
23.96654
0.4200409
0
0.258819
-0.9659258
-1.948
3.329849
-1.950547
23.96654
-5.438934
0
0.1305262
-0.9914449
-1.948
3.801992
-1.888388
23.96654
-11.11258
0
0.258819
-0.9659258
-2.448
3.801992
-1.888388
30.11811
-11.11258
0
0.258819
-0.9659258
-2.448
4.273501
-1.693083
30.11811
-4.833566
0
0.5
-0.8660254
-2.448
4.273501
-1.693083
30.11811
-4.833566
0
0.5
-0.8660254
-1.948
4.273501
-1.693083
23.96654
-4.833566
0
0.5
-0.8660254
-1.948
3.801992
-1.888388
23.96654
-11.11258
0
0.258819
-0.9659258
-1.948
4.273501
-1.693083
23.96654
-15.82284
0
0.5
-0.8660254
-2.448
4.273501
-1.693083
30.11811
-15.82284
0
0.5
-0.8660254
-2.448
4.678396
-1.382396
30.11811
-9.54382
0
0.7071068
-0.7071068
-2.448
4.678396
-1.382396
30.11811
-9.54382
0
0.7071068
-0.7071068
-1.948
4.678396
-1.382396
23.96654
-9.54382
0
0.7071068
-0.7071068
-1.948
4.273501
-1.693083
23.96654
-15.82284
0
0.5
-0.8660254
-1.948
4.989082
-0.9775016
23.96654
-13.38973
0
0.8660254
-0.5
-1.948
4.678396
-1.382396
23.96654
-19.66874
0
0.7071068
-0.7071068
-2.448
4.678396
-1.382396
30.11811
-19.66874
0
0.7071068
-0.7071068
-2.448
4.678396
-1.382396
30.11811
-19.66874
0
0.7071068
-0.7071068
-2.448
4.989082
-0.9775016
30.11811
-13.38973
0
0.8660254
-0.5
-1.948
4.989082
-0.9775016
23.96654
-13.38973
0
0.8660254
-0.5
-1.948
5.184389
-0.5059921
23.96654
-16.1092
0
0.9659258
-0.258819
-1.948
4.989082
-0.9775016
23.96654
-22.38821
0
0.8660254
-0.5
-2.448
4.989082
-0.9775016
30.11811
-22.38821
0
0.8660254
-0.5
-2.448
4.989082
-0.9775016
30.11811
-22.38821
0
0.8660254
-0.5
-2.448
5.184389
-0.5059921
30.11811
-16.1092
0
0.9659258
-0.258819
-1.948
5.184389
-0.5059921
23.96654
-16.1092
0
0.9659258
-0.258819
-1.948
5.251003
0
23.96654
-17.5169
0
1
0
-1.948
5.184389
-0.5059921
23.96654
-23.79591
0
0.9659258
-0.258819
-2.448
5.184389
-0.5059921
30.11811
-23.79591
0
0.9659258
-0.258819
-2.448
5.184389
-0.5059921
30.11811
-23.79591
0
0.9659258
-0.258819
-2.448
5.251003
0
30.11811
-17.5169
0
1
0
-1.948
5.251003
0
23.96654
-17.5169
0
1
0
-1.948
5.184389
0.5059923
-23.96654
17.5169
0
0.9659258
0.258819
-1.948
5.251003
0
-23.96654
23.79591
0
1
0
-2.448
5.251003
0
-30.11811
23.79591
0
1
0
-2.448
5.251003
0
-30.11811
23.79591
0
1
0
-2.448
5.184389
0.5059923
-30.11811
17.5169
0
0.9659258
0.258819
-1.948
5.184389
0.5059923
-23.96654
17.5169
0
0.9659258
0.258819
-1.948
4.989082
0.9775019
-23.96654
16.1092
0
0.8660254
0.5
-1.948
5.184389
0.5059923
-23.96654
22.38821
0
0.9659258
0.258819
-2.448
5.184389
0.5059923
-30.11811
22.38821
0
0.9659258
0.258819
-2.448
5.184389
0.5059923
-30.11811
22.38821
0
0.9659258
0.258819
-2.448
4.989082
0.9775019
-30.11811
16.1092
0
0.8660254
0.5
-1.948
4.989082
0.9775019
-23.96654
16.1092
0
0.8660254
0.5
-1.948
4.678396
1.382396
-23.96654
13.38973
0
0.7071068
0.7071068
-1.948
4.989082
0.9775019
-23.96654
19.66874
0
0.8660254
0.5
-2.448
4.989082
0.9775019
-30.11811
19.66874
0
0.8660254
0.5
-2.448
4.989082
0.9775019
-30.11811
19.66874
0
0.8660254
0.5
-2.448
4.678396
1.382396
-30.11811
13.38973
0
0.7071068
0.7071068
-1.948
4.678396
1.382396
-23.96654
13.38973
0
0.7071068
0.7071068
-2.448
4.273501
1.693083
-30.11811
9.54382
0
0.5
0.8660254
-1.948
4.273501
1.693083
-23.96654
9.54382
0
0.5
0.8660254
-1.948
4.678396
1.382396
-23.96654
15.82284
0
0.7071068
0.7071068
-1.948
4.678396
1.382396
-23.96654
15.82284
0
0.7071068
0.7071068
-2.448
4.678396
1.382396
-30.11811
15.82284
0
0.7071068
0.7071068
-2.448
4.273501
1.693083
-30.11811
9.54382
0
0.5
0.8660254
-2.448
3.801992
1.888389
-30.11811
4.833566
0
0.258819
0.9659258
-1.948
3.801992
1.888389
-23.96654
4.833566
0
0.258819
0.9659258
-1.948
4.273501
1.693083
-23.96654
11.11258
0
0.5
0.8660254
-1.948
4.273501
1.693083
-23.96654
11.11258
0
0.5
0.8660254
-2.448
4.273501
1.693083
-30.11811
11.11258
0
0.5
0.8660254
-2.448
3.801992
1.888389
-30.11811
4.833566
0
0.258819
0.9659258
-2.448
3.329849
1.950548
-30.11811
-1.221245E-14
0
0.1305262
0.9914449
-1.948
3.329849
1.950548
-23.96654
-1.221245E-14
0
0.1305262
0.9914449
-1.948
3.801992
1.888389
-23.96654
5.858975
0
0.258819
0.9659258
-1.948
3.801992
1.888389
-23.96654
5.858975
0
0.258819
0.9659258
-2.448
3.801992
1.888389
-30.11811
5.858975
0
0.258819
0.9659258
-2.448
3.329849
1.950548
-30.11811
-1.221245E-14
0
0.1305262
0.9914449
2.448
3.296
1.69344
30.11811
-3.170428E-17
0
-0.9914449
0.1305262
2.448
3.329849
1.950548
30.11811
3.190527
0
-0.9914449
0.1305262
1.948
3.329849
1.950548
23.96654
3.190527
0
-0.9914449
0.1305262
1.948
3.329849
1.950548
23.96654
3.190527
0
-0.9914449
0.1305262
2.288
3.296
1.69344
28.14961
-2.963211E-17
0
-0.9914449
0.1305262
2.448
3.296
1.69344
30.11811
-3.170428E-17
0
-0.9914449
0.1305262
1.948
3.329849
1.950548
23.96654
3.190527
0
-0.9914449
0.1305262
-2.288
3.296
1.69344
-28.14961
2.963211E-17
0
-0.9914449
0.1305262
2.288
3.296
1.69344
28.14961
-2.963211E-17
0
-0.9914449
0.1305262
1.948
3.329849
1.950548
23.96654
3.190527
0
-0.9914449
0.1305262
1.448
3.329849
1.950548
17.81496
3.190527
0
-0.9914449
0.1305262
-2.288
3.296
1.69344
-28.14961
2.963211E-17
0
-0.9914449
0.1305262
1.448
3.329849
1.950548
17.81496
3.190527
0
-0.9914449
0.1305262
-1.448
3.329849
1.950548
-17.81496
3.190527
0
-0.9914449
0.1305262
-2.288
3.296
1.69344
-28.14961
2.963211E-17
0
-0.9914449
0.1305262
-1.448
3.329849
1.950548
-17.81496
3.190527
0
-0.9914449
0.1305262
-1.948
3.329849
1.950548
-23.96654
3.190527
0
-0.9914449
0.1305262
-2.288
3.296
1.69344
-28.14961
2.963211E-17
0
-0.9914449
0.1305262
-1.948
3.329849
1.950548
-23.96654
3.190527
0
-0.9914449
0.1305262
-2.448
3.329849
1.950548
-30.11811
3.190527
0
-0.9914449
0.1305262
-2.288
3.296
1.69344
-28.14961
2.963211E-17
0
-0.9914449
0.1305262
-2.448
3.329849
1.950548
-30.11811
3.190527
0
-0.9914449
0.1305262
-2.448
3.296
1.69344
-30.11811
3.170428E-17
0
-0.9914449
0.1305262
-2.288
3.296
1.69344
-28.14961
2.963211E-17
0
-0.9914449
0.1305262
-2.448
3.801992
-1.888388
-44.06777
6.225298
-1
0
0
-2.448
3.329849
-1.950547
-44.83252
0.4164474
-1
0
0
-2.448
3.296
-1.69344
-41.66929
4.271211E-14
-1
0
0
-2.448
3.296
-1.69344
-41.66929
4.271211E-14
-1
0
0
-2.448
4.273501
-1.693083
-41.6649
12.02635
-1
0
0
-2.448
3.801992
-1.888388
-44.06777
6.225298
-1
0
0
-2.448
3.296
-1.69344
-41.66929
4.271211E-14
-1
0
0
-2.448
3.734294
-1.635737
-40.95937
5.392403
-1
0
0
-2.448
4.273501
-1.693083
-41.6649
12.02635
-1
0
0
-2.448
3.734294
-1.635737
-40.95937
5.392403
-1
0
0
-2.448
4.678396
-1.382396
-37.84248
17.00783
-1
0
0
-2.448
4.273501
-1.693083
-41.6649
12.02635
-1
0
0
-2.448
3.734294
-1.635737
-40.95937
5.392403
-1
0
0
-2.448
4.14272
-1.466562
-38.87798
10.41732
-1
0
0
-2.448
4.678396
-1.382396
-37.84248
17.00783
-1
0
0
-2.448
4.14272
-1.466562
-38.87798
10.41732
-1
0
0
-2.448
4.493443
-1.197443
-35.56696
14.73232
-1
0
0
-2.448
4.678396
-1.382396
-37.84248
17.00783
-1
0
0
-2.448
4.493443
-1.197443
-35.56696
14.73232
-1
0
0
-2.448
4.989082
-0.9775016
-32.861
20.83025
-1
0
0
-2.448
4.678396
-1.382396
-37.84248
17.00783
-1
0
0
-2.448
4.493443
-1.197443
-35.56696
14.73232
-1
0
0
-2.448
4.762562
-0.8467199
-31.25197
18.04333
-1
0
0
-2.448
4.989082
-0.9775016
-32.861
20.83025
-1
0
0
-2.448
4.762562
-0.8467199
-31.25197
18.04333
-1
0
0
-2.448
5.184389
-0.5059921
-27.05994
23.23313
-1
0
0
-2.448
4.989082
-0.9775016
-32.861
20.83025
-1
0
0
-2.448
4.762562
-0.8467199
-31.25197
18.04333
-1
0
0
-2.448
4.931737
-0.4382944
-26.22705
20.12472
-1
0
0
-2.448
5.184389
-0.5059921
-27.05994
23.23313
-1
0
0
-2.448
4.931737
-0.4382944
-26.22705
20.12472
-1
0
0
-2.448
5.251003
0
-20.83465
24.0527
-1
0
0
-2.448
5.184389
-0.5059921
-27.05994
23.23313
-1
0
0
-2.448
4.931737
-0.4382944
-26.22705
20.12472
-1
0
0
-2.448
4.98944
0
-20.83465
20.83465
-1
0
0
-2.448
5.251003
0
-20.83465
24.0527
-1
0
0
-2.448
4.98944
0
-20.83465
20.83465
-1
0
0
-2.448
4.931737
0.4382946
-15.44224
20.12472
-1
0
0
-2.448
5.251003
0
-20.83465
24.0527
-1
0
0
-2.448
4.931737
0.4382946
-15.44224
20.12472
-1
0
0
-2.448
5.184389
0.5059923
-14.60935
23.23313
-1
0
0
-2.448
5.251003
0
-20.83465
24.0527
-1
0
0
-2.448
4.931737
0.4382946
-15.44224
20.12472
-1
0
0
-2.448
4.762562
0.84672
-10.41732
18.04333
-1
0
0
-2.448
5.184389
0.5059923
-14.60935
23.23313
-1
0
0
-2.448
4.762562
0.84672
-10.41732
18.04333
-1
0
0
-2.448
4.989082
0.9775019
-8.808293
20.83025
-1
0
0
-2.448
5.184389
0.5059923
-14.60935
23.23313
-1
0
0
-2.448
4.762562
0.84672
-10.41732
18.04333
-1
0
0
-2.448
4.493443
1.197443
-6.102326
14.73232
-1
0
0
-2.448
4.989082
0.9775019
-8.808293
20.83025
-1
0
0
-2.448
4.493443
1.197443
-6.102326
14.73232
-1
0
0
-2.448
4.678396
1.382396
-3.826816
17.00783
-1
0
0
-2.448
4.989082
0.9775019
-8.808293
20.83025
-1
0
0
-2.448
4.493443
1.197443
-6.102326
14.73232
-1
0
0
-2.448
4.14272
1.466562
-2.791313
10.41732
-1
0
0
-2.448
4.678396
1.382396
-3.826816
17.00783
-1
0
0
-2.448
4.14272
1.466562
-2.791313
10.41732
-1
0
0
-2.448
4.273501
1.693083
-0.004393066
12.02635
-1
0
0
-2.448
4.678396
1.382396
-3.826816
17.00783
-1
0
0
-2.448
4.14272
1.466562
-2.791313
10.41732
-1
0
0
-2.448
3.734294
1.635737
-0.7099233
5.392403
-1
0
0
-2.448
4.273501
1.693083
-0.004393066
12.02635
-1
0
0
-2.448
3.734294
1.635737
-0.7099233
5.392403
-1
0
0
-2.448
3.296
1.69344
5.746318E-29
4.271211E-14
-1
0
0
-2.448
4.273501
1.693083
-0.004393066
12.02635
-1
0
0
-2.448
3.296
1.69344
5.746318E-29
4.271211E-14
-1
0
0
-2.448
3.801992
1.888389
2.398482
6.225298
-1
0
0
-2.448
4.273501
1.693083
-0.004393066
12.02635
-1
0
0
-2.448
3.296
1.69344
5.746318E-29
4.271211E-14
-1
0
0
-2.448
3.329849
1.950548
3.163232
0.4164474
-1
0
0
-2.448
3.801992
1.888389
2.398482
6.225298
-1
0
0
-2.448
3.296
-1.69344
-30.11811
-5.438934
0
-0.1305262
0.9914449
-2.288
3.296
-1.69344
-28.14961
-5.438934
0
-0.1305262
0.9914449
-2.288
3.734294
-1.635737
-28.14961
-2.726708E-13
0
-0.258819
0.9659258
-2.288
3.734294
-1.635737
-28.14961
-2.726708E-13
0
-0.258819
0.9659258
-2.448
3.734294
-1.635737
-30.11811
-2.726708E-13
0
-0.258819
0.9659258
-2.448
3.296
-1.69344
-30.11811
-5.438934
0
-0.1305262
0.9914449
-2.448
3.734294
-1.635737
-30.11811
-10.69254
0
-0.258819
0.9659258
-2.288
3.734294
-1.635737
-28.14961
-10.69254
0
-0.258819
0.9659258
-2.288
4.14272
-1.466562
-28.14961
-5.253607
0
-0.5
0.8660254
-2.288
4.14272
-1.466562
-28.14961
-5.253607
0
-0.5
0.8660254
-2.448
4.14272
-1.466562
-30.11811
-5.253607
0
-0.5
0.8660254
-2.448
3.734294
-1.635737
-30.11811
-10.69254
0
-0.258819
0.9659258
-2.448
4.14272
-1.466562
-30.11811
-15.4028
0
-0.5
0.8660254
-2.288
4.14272
-1.466562
-28.14961
-15.4028
0
-0.5
0.8660254
-2.288
4.493443
-1.197443
-28.14961
-9.963861
0
-0.7071068
0.7071068
-2.288
4.493443
-1.197443
-28.14961
-9.963861
0
-0.7071068
0.7071068
-2.448
4.493443
-1.197443
-30.11811
-9.963861
0
-0.7071068
0.7071068
-2.448
4.14272
-1.466562
-30.11811
-15.4028
0
-0.5
0.8660254
-2.288
4.493443
-1.197443
-28.14961
-19.2487
0
-0.7071068
0.7071068
-2.288
4.762562
-0.8467199
-28.14961
-13.80977
0
-0.8660254
0.5
-2.448
4.762562
-0.8467199
-30.11811
-13.80977
0
-0.8660254
0.5
-2.448
4.762562
-0.8467199
-30.11811
-13.80977
0
-0.8660254
0.5
-2.448
4.493443
-1.197443
-30.11811
-19.2487
0
-0.7071068
0.7071068
-2.288
4.493443
-1.197443
-28.14961
-19.2487
0
-0.7071068
0.7071068
-2.288
4.762562
-0.8467199
-28.14961
-21.96817
0
-0.8660254
0.5
-2.288
4.931737
-0.4382944
-28.14961
-16.52924
0
-0.9659258
0.258819
-2.448
4.931737
-0.4382944
-30.11811
-16.52924
0
-0.9659258
0.258819
-2.448
4.931737
-0.4382944
-30.11811
-16.52924
0
-0.9659258
0.258819
-2.448
4.762562
-0.8467199
-30.11811
-21.96817
0
-0.8660254
0.5
-2.288
4.762562
-0.8467199
-28.14961
-21.96817
0
-0.8660254
0.5
-2.288
4.931737
-0.4382944
-28.14961
-23.37587
0
-0.9659258
0.258819
-2.288
4.98944
0
-28.14961
-17.93694
0
-1
0
-2.448
4.98944
0
-30.11811
-17.93694
0
-1
0
-2.448
4.98944
0
-30.11811
-17.93694
0
-1
0
-2.448
4.931737
-0.4382944
-30.11811
-23.37587
0
-0.9659258
0.258819
-2.288
4.931737
-0.4382944
-28.14961
-23.37587
0
-0.9659258
0.258819
-2.288
4.98944
0
28.14961
23.37587
0
-1
0
-2.288
4.931737
0.4382946
28.14961
17.93694
0
-0.9659258
-0.258819
-2.448
4.931737
0.4382946
30.11811
17.93694
0
-0.9659258
-0.258819
-2.448
4.931737
0.4382946
30.11811
17.93694
0
-0.9659258
-0.258819
-2.448
4.98944
0
30.11811
23.37587
0
-1
0
-2.288
4.98944
0
28.14961
23.37587
0
-1
0
-2.288
4.931737
0.4382946
28.14961
21.96817
0
-0.9659258
-0.258819
-2.288
4.762562
0.84672
28.14961
16.52924
0
-0.8660254
-0.5
-2.448
4.762562
0.84672
30.11811
16.52924
0
-0.8660254
-0.5
-2.448
4.762562
0.84672
30.11811
16.52924
0
-0.8660254
-0.5
-2.448
4.931737
0.4382946
30.11811
21.96817
0
-0.9659258
-0.258819
-2.288
4.931737
0.4382946
28.14961
21.96817
0
-0.9659258
-0.258819
-2.288
4.762562
0.84672
28.14961
19.2487
0
-0.8660254
-0.5
-2.288
4.493443
1.197443
28.14961
13.80977
0
-0.7071068
-0.7071068
-2.448
4.493443
1.197443
30.11811
13.80977
0
-0.7071068
-0.7071068
-2.448
4.493443
1.197443
30.11811
13.80977
0
-0.7071068
-0.7071068
-2.448
4.762562
0.84672
30.11811
19.2487
0
-0.8660254
-0.5
-2.288
4.762562
0.84672
28.14961
19.2487
0
-0.8660254
-0.5
-2.288
4.14272
1.466562
28.14961
9.963861
0
-0.5
-0.8660254
-2.448
4.14272
1.466562
30.11811
9.963861
0
-0.5
-0.8660254
-2.448
4.493443
1.197443
30.11811
15.4028
0
-0.7071068
-0.7071068
-2.448
4.493443
1.197443
30.11811
15.4028
0
-0.7071068
-0.7071068
-2.288
4.493443
1.197443
28.14961
15.4028
0
-0.7071068
-0.7071068
-2.288
4.14272
1.466562
28.14961
9.963861
0
-0.5
-0.8660254
-2.288
3.734294
1.635737
28.14961
5.253607
0
-0.258819
-0.9659258
-2.448
3.734294
1.635737
30.11811
5.253607
0
-0.258819
-0.9659258
-2.448
4.14272
1.466562
30.11811
10.69254
0
-0.5
-0.8660254
-2.448
4.14272
1.466562
30.11811
10.69254
0
-0.5
-0.8660254
-2.288
4.14272
1.466562
28.14961
10.69254
0
-0.5
-0.8660254
-2.288
3.734294
1.635737
28.14961
5.253607
0
-0.258819
-0.9659258
-2.288
3.296
1.69344
28.14961
7.479935E-27
0
-0.1305262
-0.9914449
-2.448
3.296
1.69344
30.11811
8.003008E-27
0
-0.1305262
-0.9914449
-2.448
3.734294
1.635737
30.11811
5.438934
0
-0.258819
-0.9659258
-2.448
3.734294
1.635737
30.11811
5.438934
0
-0.258819
-0.9659258
-2.288
3.734294
1.635737
28.14961
5.438934
0
-0.258819
-0.9659258
-2.288
3.296
1.69344
28.14961
7.479935E-27
0
-0.1305262
-0.9914449
2.448
3.296
-1.69344
41.66929
0
1
0
0
2.448
3.329849
-1.950547
44.83252
0.4164474
1
0
0
2.448
3.801992
-1.888388
44.06777
6.225298
1
0
0
2.448
3.801992
-1.888388
44.06777
6.225298
1
0
0
2.448
4.273501
-1.693083
41.6649
12.02635
1
0
0
2.448
3.296
-1.69344
41.66929
0
1
0
0
2.448
4.273501
-1.693083
41.6649
12.02635
1
0
0
2.448
3.734294
-1.635737
40.95937
5.392403
1
0
0
2.448
3.296
-1.69344
41.66929
0
1
0
0
2.448
4.273501
-1.693083
41.6649
12.02635
1
0
0
2.448
4.678396
-1.382396
37.84248
17.00783
1
0
0
2.448
3.734294
-1.635737
40.95937
5.392403
1
0
0
2.448
4.678396
-1.382396
37.84248
17.00783
1
0
0
2.448
4.14272
-1.466562
38.87798
10.41732
1
0
0
2.448
3.734294
-1.635737
40.95937
5.392403
1
0
0
2.448
4.678396
-1.382396
37.84248
17.00783
1
0
0
2.448
4.493443
-1.197443
35.56696
14.73232
1
0
0
2.448
4.14272
-1.466562
38.87798
10.41732
1
0
0
2.448
4.678396
-1.382396
37.84248
17.00783
1
0
0
2.448
4.989082
-0.9775016
32.861
20.83025
1
0
0
2.448
4.493443
-1.197443
35.56696
14.73232
1
0
0
2.448
4.989082
-0.9775016
32.861
20.83025
1
0
0
2.448
4.762562
-0.8467199
31.25197
18.04333
1
0
0
2.448
4.493443
-1.197443
35.56696
14.73232
1
0
0
2.448
4.989082
-0.9775016
32.861
20.83025
1
0
0
2.448
5.184389
-0.5059921
27.05994
23.23313
1
0
0
2.448
4.762562
-0.8467199
31.25197
18.04333
1
0
0
2.448
5.184389
-0.5059921
27.05994
23.23313
1
0
0
2.448
4.931737
-0.4382944
26.22705
20.12472
1
0
0
2.448
4.762562
-0.8467199
31.25197
18.04333
1
0
0
2.448
5.184389
-0.5059921
27.05994
23.23313
1
0
0
2.448
5.251003
0
20.83465
24.0527
1
0
0
2.448
4.931737
-0.4382944
26.22705
20.12472
1
0
0
2.448
5.251003
0
20.83465
24.0527
1
0
0
2.448
4.98944
0
20.83465
20.83465
1
0
0
2.448
4.931737
-0.4382944
26.22705
20.12472
1
0
0
2.448
5.251003
0
20.83465
24.0527
1
0
0
2.448
5.184389
0.5059923
14.60935
23.23313
1
0
0
2.448
4.98944
0
20.83465
20.83465
1
0
0
2.448
5.184389
0.5059923
14.60935
23.23313
1
0
0
2.448
4.931737
0.4382946
15.44224
20.12472
1
0
0
2.448
4.98944
0
20.83465
20.83465
1
0
0
2.448
5.184389
0.5059923
14.60935
23.23313
1
0
0
2.448
4.762562
0.84672
10.41732
18.04333
1
0
0
2.448
4.931737
0.4382946
15.44224
20.12472
1
0
0
2.448
5.184389
0.5059923
14.60935
23.23313
1
0
0
2.448
4.989082
0.9775019
8.808293
20.83025
1
0
0
2.448
4.762562
0.84672
10.41732
18.04333
1
0
0
2.448
4.989082
0.9775019
8.808293
20.83025
1
0
0
2.448
4.493443
1.197443
6.102326
14.73232
1
0
0
2.448
4.762562
0.84672
10.41732
18.04333
1
0
0
2.448
4.989082
0.9775019
8.808293
20.83025
1
0
0
2.448
4.678396
1.382396
3.826816
17.00783
1
0
0
2.448
4.493443
1.197443
6.102326
14.73232
1
0
0
2.448
4.678396
1.382396
3.826816
17.00783
1
0
0
2.448
4.14272
1.466562
2.791313
10.41732
1
0
0
2.448
4.493443
1.197443
6.102326
14.73232
1
0
0
2.448
4.678396
1.382396
3.826816
17.00783
1
0
0
2.448
4.273501
1.693083
0.004393066
12.02635
1
0
0
2.448
4.14272
1.466562
2.791313
10.41732
1
0
0
2.448
4.273501
1.693083
0.004393066
12.02635
1
0
0
2.448
3.734294
1.635737
0.7099233
5.392403
1
0
0
2.448
4.14272
1.466562
2.791313
10.41732
1
0
0
2.448
4.273501
1.693083
0.004393066
12.02635
1
0
0
2.448
3.296
1.69344
0
0
1
0
0
2.448
3.734294
1.635737
0.7099233
5.392403
1
0
0
2.448
4.273501
1.693083
0.004393066
12.02635
1
0
0
2.448
3.801992
1.888389
-2.398482
6.225298
1
0
0
2.448
3.296
1.69344
0
0
1
0
0
2.448
3.801992
1.888389
-2.398482
6.225298
1
0
0
2.448
3.329849
1.950548
-3.163232
0.4164474
1
0
0
2.448
3.296
1.69344
0
0
1
0
0
2.448
3.296
1.69344
-30.11811
8.003008E-27
0
-0.1305262
-0.9914449
2.288
3.296
1.69344
-28.14961
7.479935E-27
0
-0.1305262
-0.9914449
2.288
3.734294
1.635737
-28.14961
5.438934
0
-0.258819
-0.9659258
2.288
3.734294
1.635737
-28.14961
5.438934
0
-0.258819
-0.9659258
2.448
3.734294
1.635737
-30.11811
5.438934
0
-0.258819
-0.9659258
2.448
3.296
1.69344
-30.11811
8.003008E-27
0
-0.1305262
-0.9914449
2.448
3.734294
1.635737
-30.11811
5.253607
0
-0.258819
-0.9659258
2.288
3.734294
1.635737
-28.14961
5.253607
0
-0.258819
-0.9659258
2.288
4.14272
1.466562
-28.14961
10.69254
0
-0.5
-0.8660254
2.288
4.14272
1.466562
-28.14961
10.69254
0
-0.5
-0.8660254
2.448
4.14272
1.466562
-30.11811
10.69254
0
-0.5
-0.8660254
2.448
3.734294
1.635737
-30.11811
5.253607
0
-0.258819
-0.9659258
2.448
4.14272
1.466562
-30.11811
9.963861
0
-0.5
-0.8660254
2.288
4.14272
1.466562
-28.14961
9.963861
0
-0.5
-0.8660254
2.288
4.493443
1.197443
-28.14961
15.4028
0
-0.7071068
-0.7071068
2.288
4.493443
1.197443
-28.14961
15.4028
0
-0.7071068
-0.7071068
2.448
4.493443
1.197443
-30.11811
15.4028
0
-0.7071068
-0.7071068
2.448
4.14272
1.466562
-30.11811
9.963861
0
-0.5
-0.8660254
2.448
4.762562
0.84672
-30.11811
19.2487
0
-0.8660254
-0.5
2.448
4.493443
1.197443
-30.11811
13.80977
0
-0.7071068
-0.7071068
2.288
4.493443
1.197443
-28.14961
13.80977
0
-0.7071068
-0.7071068
2.288
4.493443
1.197443
-28.14961
13.80977
0
-0.7071068
-0.7071068
2.288
4.762562
0.84672
-28.14961
19.2487
0
-0.8660254
-0.5
2.448
4.762562
0.84672
-30.11811
19.2487
0
-0.8660254
-0.5
2.448
4.931737
0.4382946
-30.11811
21.96817
0
-0.9659258
-0.258819
2.448
4.762562
0.84672
-30.11811
16.52924
0
-0.8660254
-0.5
2.288
4.762562
0.84672
-28.14961
16.52924
0
-0.8660254
-0.5
2.288
4.762562
0.84672
-28.14961
16.52924
0
-0.8660254
-0.5
2.288
4.931737
0.4382946
-28.14961
21.96817
0
-0.9659258
-0.258819
2.448
4.931737
0.4382946
-30.11811
21.96817
0
-0.9659258
-0.258819
2.448
4.98944
0
-30.11811
23.37587
0
-1
0
2.448
4.931737
0.4382946
-30.11811
17.93694
0
-0.9659258
-0.258819
2.288
4.931737
0.4382946
-28.14961
17.93694
0
-0.9659258
-0.258819
2.288
4.931737
0.4382946
-28.14961
17.93694
0
-0.9659258
-0.258819
2.288
4.98944
0
-28.14961
23.37587
0
-1
0
2.448
4.98944
0
-30.11811
23.37587
0
-1
0
2.448
4.931737
-0.4382944
30.11811
-23.37587
0
-0.9659258
0.258819
2.448
4.98944
0
30.11811
-17.93694
0
-1
0
2.288
4.98944
0
28.14961
-17.93694
0
-1
0
2.288
4.98944
0
28.14961
-17.93694
0
-1
0
2.288
4.931737
-0.4382944
28.14961
-23.37587
0
-0.9659258
0.258819
2.448
4.931737
-0.4382944
30.11811
-23.37587
0
-0.9659258
0.258819
2.448
4.762562
-0.8467199
30.11811
-21.96817
0
-0.8660254
0.5
2.448
4.931737
-0.4382944
30.11811
-16.52924
0
-0.9659258
0.258819
2.288
4.931737
-0.4382944
28.14961
-16.52924
0
-0.9659258
0.258819
2.288
4.931737
-0.4382944
28.14961
-16.52924
0
-0.9659258
0.258819
2.288
4.762562
-0.8467199
28.14961
-21.96817
0
-0.8660254
0.5
2.448
4.762562
-0.8467199
30.11811
-21.96817
0
-0.8660254
0.5
2.448
4.493443
-1.197443
30.11811
-19.2487
0
-0.7071068
0.7071068
2.448
4.762562
-0.8467199
30.11811
-13.80977
0
-0.8660254
0.5
2.288
4.762562
-0.8467199
28.14961
-13.80977
0
-0.8660254
0.5
2.288
4.762562
-0.8467199
28.14961
-13.80977
0
-0.8660254
0.5
2.288
4.493443
-1.197443
28.14961
-19.2487
0
-0.7071068
0.7071068
2.448
4.493443
-1.197443
30.11811
-19.2487
0
-0.7071068
0.7071068
2.288
4.14272
-1.466562
28.14961
-15.4028
0
-0.5
0.8660254
2.448
4.14272
-1.466562
30.11811
-15.4028
0
-0.5
0.8660254
2.448
4.493443
-1.197443
30.11811
-9.963861
0
-0.7071068
0.7071068
2.448
4.493443
-1.197443
30.11811
-9.963861
0
-0.7071068
0.7071068
2.288
4.493443
-1.197443
28.14961
-9.963861
0
-0.7071068
0.7071068
2.288
4.14272
-1.466562
28.14961
-15.4028
0
-0.5
0.8660254
2.288
3.734294
-1.635737
28.14961
-10.69254
0
-0.258819
0.9659258
2.448
3.734294
-1.635737
30.11811
-10.69254
0
-0.258819
0.9659258
2.448
4.14272
-1.466562
30.11811
-5.253607
0
-0.5
0.8660254
2.448
4.14272
-1.466562
30.11811
-5.253607
0
-0.5
0.8660254
2.288
4.14272
-1.466562
28.14961
-5.253607
0
-0.5
0.8660254
2.288
3.734294
-1.635737
28.14961
-10.69254
0
-0.258819
0.9659258
2.288
3.296
-1.69344
28.14961
-5.438934
0
-0.1305262
0.9914449
2.448
3.296
-1.69344
30.11811
-5.438934
0
-0.1305262
0.9914449
2.448
3.734294
-1.635737
30.11811
-2.726708E-13
0
-0.258819
0.9659258
2.448
3.734294
-1.635737
30.11811
-2.726708E-13
0
-0.258819
0.9659258
2.288
3.734294
-1.635737
28.14961
-2.726708E-13
0
-0.258819
0.9659258
2.288
3.296
-1.69344
28.14961
-5.438934
0
-0.1305262
0.9914449
1.948
3.801992
1.888389
23.96654
4.833566
0
0.258819
0.9659258
2.448
3.801992
1.888389
30.11811
4.833566
0
0.258819
0.9659258
2.448
4.273501
1.693083
30.11811
11.11258
0
0.5
0.8660254
2.448
4.273501
1.693083
30.11811
11.11258
0
0.5
0.8660254
1.948
4.273501
1.693083
23.96654
11.11258
0
0.5
0.8660254
1.948
3.801992
1.888389
23.96654
4.833566
0
0.258819
0.9659258
2.448
5.184389
-0.5059921
-30.11811
-16.1092
0
0.9659258
-0.258819
2.448
4.989082
-0.9775016
-30.11811
-22.38821
0
0.8660254
-0.5
1.948
4.989082
-0.9775016
-23.96654
-22.38821
0
0.8660254
-0.5
1.948
4.989082
-0.9775016
-23.96654
-22.38821
0
0.8660254
-0.5
1.948
5.184389
-0.5059921
-23.96654
-16.1092
0
0.9659258
-0.258819
2.448
5.184389
-0.5059921
-30.11811
-16.1092
0
0.9659258
-0.258819
2.448
3.801992
-1.888388
-30.11811
-11.11258
0
0.258819
-0.9659258
1.948
3.801992
-1.888388
-23.96654
-11.11258
0
0.258819
-0.9659258
1.948
4.273501
-1.693083
-23.96654
-4.833566
0
0.5
-0.8660254
1.948
4.273501
-1.693083
-23.96654
-4.833566
0
0.5
-0.8660254
2.448
4.273501
-1.693083
-30.11811
-4.833566
0
0.5
-0.8660254
2.448
3.801992
-1.888388
-30.11811
-11.11258
0
0.258819
-0.9659258
1.948
3.329849
1.950548
23.96654
-1.221245E-14
0
0.1305262
0.9914449
2.448
3.329849
1.950548
30.11811
-1.221245E-14
0
0.1305262
0.9914449
2.448
3.801992
1.888389
30.11811
5.858975
0
0.258819
0.9659258
2.448
3.801992
1.888389
30.11811
5.858975
0
0.258819
0.9659258
1.948
3.801992
1.888389
23.96654
5.858975
0
0.258819
0.9659258
1.948
3.329849
1.950548
23.96654
-1.221245E-14
0
0.1305262
0.9914449
2.448
4.678396
1.382396
30.11811
13.38973
0
0.7071068
0.7071068
2.448
4.989082
0.9775019
30.11811
19.66874
0
0.8660254
0.5
1.948
4.989082
0.9775019
23.96654
19.66874
0
0.8660254
0.5
1.948
4.989082
0.9775019
23.96654
19.66874
0
0.8660254
0.5
1.948
4.678396
1.382396
23.96654
13.38973
0
0.7071068
0.7071068
2.448
4.678396
1.382396
30.11811
13.38973
0
0.7071068
0.7071068
2.448
4.989082
0.9775019
30.11811
16.1092
0
0.8660254
0.5
2.448
5.184389
0.5059923
30.11811
22.38821
0
0.9659258
0.258819
1.948
5.184389
0.5059923
23.96654
22.38821
0
0.9659258
0.258819
1.948
5.184389
0.5059923
23.96654
22.38821
0
0.9659258
0.258819
1.948
4.989082
0.9775019
23.96654
16.1092
0
0.8660254
0.5
2.448
4.989082
0.9775019
30.11811
16.1092
0
0.8660254
0.5
2.448
4.989082
-0.9775016
-30.11811
-13.38973
0
0.8660254
-0.5
2.448
4.678396
-1.382396
-30.11811
-19.66874
0
0.7071068
-0.7071068
1.948
4.678396
-1.382396
-23.96654
-19.66874
0
0.7071068
-0.7071068
1.948
4.678396
-1.382396
-23.96654
-19.66874
0
0.7071068
-0.7071068
1.948
4.989082
-0.9775016
-23.96654
-13.38973
0
0.8660254
-0.5
2.448
4.989082
-0.9775016
-30.11811
-13.38973
0
0.8660254
-0.5
1.948
4.273501
1.693083
23.96654
9.54382
0
0.5
0.8660254
2.448
4.273501
1.693083
30.11811
9.54382
0
0.5
0.8660254
2.448
4.678396
1.382396
30.11811
15.82284
0
0.7071068
0.7071068
2.448
4.678396
1.382396
30.11811
15.82284
0
0.7071068
0.7071068
1.948
4.678396
1.382396
23.96654
15.82284
0
0.7071068
0.7071068
1.948
4.273501
1.693083
23.96654
9.54382
0
0.5
0.8660254
2.448
5.251003
0
-30.11811
-17.5169
0
1
0
2.448
5.184389
-0.5059921
-30.11811
-23.79591
0
0.9659258
-0.258819
1.948
5.184389
-0.5059921
-23.96654
-23.79591
0
0.9659258
-0.258819
1.948
5.184389
-0.5059921
-23.96654
-23.79591
0
0.9659258
-0.258819
1.948
5.251003
0
-23.96654
-17.5169
0
1
0
2.448
5.251003
0
-30.11811
-17.5169
0
1
0
2.448
4.273501
-1.693083
-30.11811
-15.82284
0
0.5
-0.8660254
1.948
4.273501
-1.693083
-23.96654
-15.82284
0
0.5
-0.8660254
1.948
4.678396
-1.382396
-23.96654
-9.54382
0
0.7071068
-0.7071068
1.948
4.678396
-1.382396
-23.96654
-9.54382
0
0.7071068
-0.7071068
2.448
4.678396
-1.382396
-30.11811
-9.54382
0
0.7071068
-0.7071068
2.448
4.273501
-1.693083
-30.11811
-15.82284
0
0.5
-0.8660254
2.448
5.184389
0.5059923
30.11811
17.5169
0
0.9659258
0.258819
2.448
5.251003
0
30.11811
23.79591
0
1
0
1.948
5.251003
0
23.96654
23.79591
0
1
0
1.948
5.251003
0
23.96654
23.79591
0
1
0
1.948
5.184389
0.5059923
23.96654
17.5169
0
0.9659258
0.258819
2.448
5.184389
0.5059923
30.11811
17.5169
0
0.9659258
0.258819
2.448
3.329849
-1.950547
-30.11811
-5.438934
0
0.1305262
-0.9914449
1.948
3.329849
-1.950547
-23.96654
-5.438934
0
0.1305262
-0.9914449
1.948
3.801992
-1.888388
-23.96654
0.4200409
0
0.258819
-0.9659258
1.948
3.801992
-1.888388
-23.96654
0.4200409
0
0.258819
-0.9659258
2.448
3.801992
-1.888388
-30.11811
0.4200409
0
0.258819
-0.9659258
2.448
3.329849
-1.950547
-30.11811
-5.438934
0
0.1305262
-0.9914449
1.448
5.184389
0.5059923
17.81496
17.5169
0
0.9659258
0.258819
1.448
5.251003
0
17.81496
23.79591
0
1
0
-1.448
5.251003
0
-17.81496
23.79591
0
1
0
-1.448
5.251003
0
-17.81496
23.79591
0
1
0
-1.448
5.184389
0.5059923
-17.81496
17.5169
0
0.9659258
0.258819
1.448
5.184389
0.5059923
17.81496
17.5169
0
0.9659258
0.258819
1.448
4.989082
0.9775019
17.81496
16.1092
0
0.8660254
0.5
1.448
5.184389
0.5059923
17.81496
22.38821
0
0.9659258
0.258819
-1.448
5.184389
0.5059923
-17.81496
22.38821
0
0.9659258
0.258819
-1.448
5.184389
0.5059923
-17.81496
22.38821
0
0.9659258
0.258819
-1.448
4.989082
0.9775019
-17.81496
16.1092
0
0.8660254
0.5
1.448
4.989082
0.9775019
17.81496
16.1092
0
0.8660254
0.5
1.448
5.251003
0
-17.81496
-17.5169
0
1
0
1.448
5.184389
-0.5059921
-17.81496
-23.79591
0
0.9659258
-0.258819
-1.448
5.184389
-0.5059921
17.81496
-23.79591
0
0.9659258
-0.258819
-1.448
5.184389
-0.5059921
17.81496
-23.79591
0
0.9659258
-0.258819
-1.448
5.251003
0
17.81496
-17.5169
0
1
0
1.448
5.251003
0
-17.81496
-17.5169
0
1
0
1.448
4.678396
1.382396
17.81496
13.38973
0
0.7071068
0.7071068
1.448
4.989082
0.9775019
17.81496
19.66874
0
0.8660254
0.5
-1.448
4.989082
0.9775019
-17.81496
19.66874
0
0.8660254
0.5
-1.448
4.989082
0.9775019
-17.81496
19.66874
0
0.8660254
0.5
-1.448
4.678396
1.382396
-17.81496
13.38973
0
0.7071068
0.7071068
1.448
4.678396
1.382396
17.81496
13.38973
0
0.7071068
0.7071068
-1.448
3.329849
1.950548
-17.81496
-1.221245E-14
0
0.1305262
0.9914449
1.448
3.329849
1.950548
17.81496
-1.221245E-14
0
0.1305262
0.9914449
1.448
3.801992
1.888389
17.81496
5.858975
0
0.258819
0.9659258
1.448
3.801992
1.888389
17.81496
5.858975
0
0.258819
0.9659258
-1.448
3.801992
1.888389
-17.81496
5.858975
0
0.258819
0.9659258
-1.448
3.329849
1.950548
-17.81496
-1.221245E-14
0
0.1305262
0.9914449
-1.448
4.273501
1.693083
-17.81496
9.54382
0
0.5
0.8660254
1.448
4.273501
1.693083
17.81496
9.54382
0
0.5
0.8660254
1.448
4.678396
1.382396
17.81496
15.82284
0
0.7071068
0.7071068
1.448
4.678396
1.382396
17.81496
15.82284
0
0.7071068
0.7071068
-1.448
4.678396
1.382396
-17.81496
15.82284
0
0.7071068
0.7071068
-1.448
4.273501
1.693083
-17.81496
9.54382
0
0.5
0.8660254
1.448
5.184389
-0.5059921
-17.81496
-16.1092
0
0.9659258
-0.258819
1.448
4.989082
-0.9775016
-17.81496
-22.38821
0
0.8660254
-0.5
-1.448
4.989082
-0.9775016
17.81496
-22.38821
0
0.8660254
-0.5
-1.448
4.989082
-0.9775016
17.81496
-22.38821
0
0.8660254
-0.5
-1.448
5.184389
-0.5059921
17.81496
-16.1092
0
0.9659258
-0.258819
1.448
5.184389
-0.5059921
-17.81496
-16.1092
0
0.9659258
-0.258819
1.448
3.801992
-1.888388
-17.81496
-11.11258
0
0.258819
-0.9659258
-1.448
3.801992
-1.888388
17.81496
-11.11258
0
0.258819
-0.9659258
-1.448
4.273501
-1.693083
17.81496
-4.833566
0
0.5
-0.8660254
-1.448
4.273501
-1.693083
17.81496
-4.833566
0
0.5
-0.8660254
1.448
4.273501
-1.693083
-17.81496
-4.833566
0
0.5
-0.8660254
1.448
3.801992
-1.888388
-17.81496
-11.11258
0
0.258819
-0.9659258
1.448
3.329849
-1.950547
-17.81496
-5.438934
0
0.1305262
-0.9914449
-1.448
3.329849
-1.950547
17.81496
-5.438934
0
0.1305262
-0.9914449
-1.448
3.801992
-1.888388
17.81496
0.4200409
0
0.258819
-0.9659258
-1.448
3.801992
-1.888388
17.81496
0.4200409
0
0.258819
-0.9659258
1.448
3.801992
-1.888388
-17.81496
0.4200409
0
0.258819
-0.9659258
1.448
3.329849
-1.950547
-17.81496
-5.438934
0
0.1305262
-0.9914449
1.448
4.989082
-0.9775016
-17.81496
-13.38973
0
0.8660254
-0.5
1.448
4.678396
-1.382396
-17.81496
-19.66874
0
0.7071068
-0.7071068
-1.448
4.678396
-1.382396
17.81496
-19.66874
0
0.7071068
-0.7071068
-1.448
4.678396
-1.382396
17.81496
-19.66874
0
0.7071068
-0.7071068
-1.448
4.989082
-0.9775016
17.81496
-13.38973
0
0.8660254
-0.5
1.448
4.989082
-0.9775016
-17.81496
-13.38973
0
0.8660254
-0.5
-1.448
3.801992
1.888389
-17.81496
4.833566
0
0.258819
0.9659258
1.448
3.801992
1.888389
17.81496
4.833566
0
0.258819
0.9659258
1.448
4.273501
1.693083
17.81496
11.11258
0
0.5
0.8660254
1.448
4.273501
1.693083
17.81496
11.11258
0
0.5
0.8660254
-1.448
4.273501
1.693083
-17.81496
11.11258
0
0.5
0.8660254
-1.448
3.801992
1.888389
-17.81496
4.833566
0
0.258819
0.9659258
1.448
4.273501
-1.693083
-17.81496
-15.82284
0
0.5
-0.8660254
-1.448
4.273501
-1.693083
17.81496
-15.82284
0
0.5
-0.8660254
-1.448
4.678396
-1.382396
17.81496
-9.54382
0
0.7071068
-0.7071068
-1.448
4.678396
-1.382396
17.81496
-9.54382
0
0.7071068
-0.7071068
1.448
4.678396
-1.382396
-17.81496
-9.54382
0
0.7071068
-0.7071068
1.448
4.273501
-1.693083
-17.81496
-15.82284
0
0.5
-0.8660254
1.448
4.394074
1.90192
17.81496
9.156571
0
0.5
0.8660254
1.948
4.394074
1.90192
23.96654
9.156571
0
0.5
0.8660254
1.948
4.848911
1.552911
23.96654
16.21009
0
0.7071068
0.7071068
1.948
4.848911
1.552911
23.96654
16.21009
0
0.7071068
0.7071068
1.448
4.848911
1.552911
17.81496
16.21009
0
0.7071068
0.7071068
1.448
4.394074
1.90192
17.81496
9.156571
0
0.5
0.8660254
1.948
4.848911
1.552911
23.96654
13.00248
0
0.7071068
0.7071068
1.948
5.19792
1.098074
23.96654
20.05599
0
0.8660254
0.5
1.448
5.19792
1.098074
17.81496
20.05599
0
0.8660254
0.5
1.448
5.19792
1.098074
17.81496
20.05599
0
0.8660254
0.5
1.448
4.848911
1.552911
17.81496
13.00248
0
0.7071068
0.7071068
1.948
4.848911
1.552911
23.96654
13.00248
0
0.7071068
0.7071068
1.948
5.19792
1.098074
23.96654
15.72194
0
0.8660254
0.5
1.948
5.417316
0.568405
23.96654
22.77546
0
0.9659258
0.258819
1.448
5.417316
0.568405
17.81496
22.77546
0
0.9659258
0.258819
1.448
5.417316
0.568405
17.81496
22.77546
0
0.9659258
0.258819
1.448
5.19792
1.098074
17.81496
15.72194
0
0.8660254
0.5
1.948
5.19792
1.098074
23.96654
15.72194
0
0.8660254
0.5
1.948
5.417316
-0.5684047
-23.96654
-15.72194
0
0.9659258
-0.258819
1.948
5.19792
-1.098074
-23.96654
-22.77546
0
0.8660254
-0.5
1.448
5.19792
-1.098074
-17.81496
-22.77546
0
0.8660254
-0.5
1.448
5.19792
-1.098074
-17.81496
-22.77546
0
0.8660254
-0.5
1.448
5.417316
-0.5684047
-17.81496
-15.72194
0
0.9659258
-0.258819
1.948
5.417316
-0.5684047
-23.96654
-15.72194
0
0.9659258
-0.258819
1.948
3.329849
-1.950547
44.83252
0.4164474
1
0
0
1.948
3.361055
-2.187583
47.74881
0.800384
1
0
0
1.948
3.864405
-2.121316
46.93352
6.993171
1
0
0
1.948
3.864405
-2.121316
46.93352
6.993171
1
0
0
1.948
4.394074
-1.90192
44.23425
13.50977
1
0
0
1.948
3.329849
-1.950547
44.83252
0.4164474
1
0
0
1.948
4.394074
-1.90192
44.23425
13.50977
1
0
0
1.948
3.801992
-1.888388
44.06777
6.225298
1
0
0
1.948
3.329849
-1.950547
44.83252
0.4164474
1
0
0
1.948
4.394074
-1.90192
44.23425
13.50977
1
0
0
1.948
4.848911
-1.552911
39.94035
19.1057
1
0
0
1.948
3.801992
-1.888388
44.06777
6.225298
1
0
0
1.948
4.848911
-1.552911
39.94035
19.1057
1
0
0
1.948
4.273501
-1.693083
41.6649
12.02635
1
0
0
1.948
3.801992
-1.888388
44.06777
6.225298
1
0
0
1.948
4.848911
-1.552911
39.94035
19.1057
1
0
0
1.948
4.678396
-1.382396
37.84248
17.00783
1
0
0
1.948
4.273501
-1.693083
41.6649
12.02635
1
0
0
1.948
4.848911
-1.552911
39.94035
19.1057
1
0
0
1.948
5.19792
-1.098074
34.34441
23.39961
1
0
0
1.948
4.678396
-1.382396
37.84248
17.00783
1
0
0
1.948
5.19792
-1.098074
34.34441
23.39961
1
0
0
1.948
4.989082
-0.9775016
32.861
20.83025
1
0
0
1.948
4.678396
-1.382396
37.84248
17.00783
1
0
0
1.948
5.19792
-1.098074
34.34441
23.39961
1
0
0
1.948
5.417316
-0.5684047
27.82782
26.09887
1
0
0
1.948
4.989082
-0.9775016
32.861
20.83025
1
0
0
1.948
5.417316
-0.5684047
27.82782
26.09887
1
0
0
1.948
5.184389
-0.5059921
27.05994
23.23313
1
0
0
1.948
4.989082
-0.9775016
32.861
20.83025
1
0
0
1.948
5.417316
-0.5684047
27.82782
26.09887
1
0
0
1.948
5.492148
0
20.83465
27.01954
1
0
0
1.948
5.184389
-0.5059921
27.05994
23.23313
1
0
0
1.948
5.492148
0
20.83465
27.01954
1
0
0
1.948
5.251003
0
20.83465
24.0527
1
0
0
1.948
5.184389
-0.5059921
27.05994
23.23313
1
0
0
1.948
5.492148
0
20.83465
27.01954
1
0
0
1.948
5.417316
0.568405
13.84147
26.09887
1
0
0
1.948
5.251003
0
20.83465
24.0527
1
0
0
1.948
5.417316
0.568405
13.84147
26.09887
1
0
0
1.948
5.184389
0.5059923
14.60935
23.23313
1
0
0
1.948
5.251003
0
20.83465
24.0527
1
0
0
1.948
5.417316
0.568405
13.84147
26.09887
1
0
0
1.948
4.989082
0.9775019
8.808293
20.83025
1
0
0
1.948
5.184389
0.5059923
14.60935
23.23313
1
0
0
1.948
5.417316
0.568405
13.84147
26.09887
1
0
0
1.948
5.19792
1.098074
7.324876
23.39961
1
0
0
1.948
4.989082
0.9775019
8.808293
20.83025
1
0
0
1.948
5.19792
1.098074
7.324876
23.39961
1
0
0
1.948
4.678396
1.382396
3.826816
17.00783
1
0
0
1.948
4.989082
0.9775019
8.808293
20.83025
1
0
0
1.948
5.19792
1.098074
7.324876
23.39961
1
0
0
1.948
4.848911
1.552911
1.728947
19.1057
1
0
0
1.948
4.678396
1.382396
3.826816
17.00783
1
0
0
1.948
4.848911
1.552911
1.728947
19.1057
1
0
0
1.948
4.273501
1.693083
0.004393066
12.02635
1
0
0
1.948
4.678396
1.382396
3.826816
17.00783
1
0
0
1.948
4.848911
1.552911
1.728947
19.1057
1
0
0
1.948
4.394074
1.90192
-2.564961
13.50977
1
0
0
1.948
4.273501
1.693083
0.004393066
12.02635
1
0
0
1.948
4.394074
1.90192
-2.564961
13.50977
1
0
0
1.948
3.801992
1.888389
-2.398482
6.225298
1
0
0
1.948
4.273501
1.693083
0.004393066
12.02635
1
0
0
1.948
4.394074
1.90192
-2.564961
13.50977
1
0
0
1.948
3.329849
1.950548
-3.163232
0.4164474
1
0
0
1.948
3.801992
1.888389
-2.398482
6.225298
1
0
0
1.948
4.394074
1.90192
-2.564961
13.50977
1
0
0
1.948
3.864405
2.121316
-5.264225
6.993171
1
0
0
1.948
3.329849
1.950548
-3.163232
0.4164474
1
0
0
1.948
3.864405
2.121316
-5.264225
6.993171
1
0
0
1.948
3.361055
2.187583
-6.07952
0.800384
1
0
0
1.948
3.329849
1.950548
-3.163232
0.4164474
1
0
0
1.948
3.864405
-2.121316
-23.96654
-11.49983
0
0.258819
-0.9659258
1.448
3.864405
-2.121316
-17.81496
-11.49983
0
0.258819
-0.9659258
1.448
4.394074
-1.90192
-17.81496
-4.446316
0
0.5
-0.8660254
1.448
4.394074
-1.90192
-17.81496
-4.446316
0
0.5
-0.8660254
1.948
4.394074
-1.90192
-23.96654
-4.446316
0
0.5
-0.8660254
1.948
3.864405
-2.121316
-23.96654
-11.49983
0
0.258819
-0.9659258
1.948
3.329849
1.950548
23.96654
3.190527
0
-0.9914449
0.1305262
1.948
3.361055
2.187583
23.96654
6.13198
0
-0.9914449
0.1305262
1.448
3.361055
2.187583
17.81496
6.13198
0
-0.9914449
0.1305262
1.448
3.361055
2.187583
17.81496
6.13198
0
-0.9914449
0.1305262
1.448
3.329849
1.950548
17.81496
3.190527
0
-0.9914449
0.1305262
1.948
3.329849
1.950548
23.96654
3.190527
0
-0.9914449
0.1305262
1.948
5.492148
0
-23.96654
-17.12964
0
1
0
1.948
5.417316
-0.5684047
-23.96654
-24.18316
0
0.9659258
-0.258819
1.448
5.417316
-0.5684047
-17.81496
-24.18316
0
0.9659258
-0.258819
1.448
5.417316
-0.5684047
-17.81496
-24.18316
0
0.9659258
-0.258819
1.448
5.492148
0
-17.81496
-17.12964
0
1
0
1.948
5.492148
0
-23.96654
-17.12964
0
1
0
1.948
3.361055
-2.187583
-23.96654
-5.438934
0
0.1305262
-0.9914449
1.448
3.361055
-2.187583
-17.81496
-5.438934
0
0.1305262
-0.9914449
1.448
3.864405
-2.121316
-17.81496
0.8072906
0
0.258819
-0.9659258
1.448
3.864405
-2.121316
-17.81496
0.8072906
0
0.258819
-0.9659258
1.948
3.864405
-2.121316
-23.96654
0.8072906
0
0.258819
-0.9659258
1.948
3.361055
-2.187583
-23.96654
-5.438934
0
0.1305262
-0.9914449
1.448
3.864405
2.121316
17.81496
4.446316
0
0.258819
0.9659258
1.948
3.864405
2.121316
23.96654
4.446316
0
0.258819
0.9659258
1.948
4.394074
1.90192
23.96654
11.49983
0
0.5
0.8660254
1.948
4.394074
1.90192
23.96654
11.49983
0
0.5
0.8660254
1.448
4.394074
1.90192
17.81496
11.49983
0
0.5
0.8660254
1.448
3.864405
2.121316
17.81496
4.446316
0
0.258819
0.9659258
1.448
3.361055
2.187583
17.81496
-1.953993E-14
0
0.1305262
0.9914449
1.948
3.361055
2.187583
23.96654
-1.953993E-14
0
0.1305262
0.9914449
1.948
3.864405
2.121316
23.96654
6.246224
0
0.258819
0.9659258
1.948
3.864405
2.121316
23.96654
6.246224
0
0.258819
0.9659258
1.448
3.864405
2.121316
17.81496
6.246224
0
0.258819
0.9659258
1.448
3.361055
2.187583
17.81496
-1.953993E-14
0
0.1305262
0.9914449
1.448
3.864405
-2.121316
-46.93352
6.993171
-1
0
0
1.448
3.361055
-2.187583
-47.74881
0.800384
-1
0
0
1.448
3.329849
-1.950547
-44.83252
0.4164474
-1
0
0
1.448
3.329849
-1.950547
-44.83252
0.4164474
-1
0
0
1.448
4.394074
-1.90192
-44.23425
13.50977
-1
0
0
1.448
3.864405
-2.121316
-46.93352
6.993171
-1
0
0
1.448
3.329849
-1.950547
-44.83252
0.4164474
-1
0
0
1.448
3.801992
-1.888388
-44.06777
6.225298
-1
0
0
1.448
4.394074
-1.90192
-44.23425
13.50977
-1
0
0
1.448
3.801992
-1.888388
-44.06777
6.225298
-1
0
0
1.448
4.848911
-1.552911
-39.94035
19.1057
-1
0
0
1.448
4.394074
-1.90192
-44.23425
13.50977
-1
0
0
1.448
3.801992
-1.888388
-44.06777
6.225298
-1
0
0
1.448
4.273501
-1.693083
-41.6649
12.02635
-1
0
0
1.448
4.848911
-1.552911
-39.94035
19.1057
-1
0
0
1.448
4.273501
-1.693083
-41.6649
12.02635
-1
0
0
1.448
4.678396
-1.382396
-37.84248
17.00783
-1
0
0
1.448
4.848911
-1.552911
-39.94035
19.1057
-1
0
0
1.448
4.678396
-1.382396
-37.84248
17.00783
-1
0
0
1.448
5.19792
-1.098074
-34.34441
23.39961
-1
0
0
1.448
4.848911
-1.552911
-39.94035
19.1057
-1
0
0
1.448
4.678396
-1.382396
-37.84248
17.00783
-1
0
0
1.448
4.989082
-0.9775016
-32.861
20.83025
-1
0
0
1.448
5.19792
-1.098074
-34.34441
23.39961
-1
0
0
1.448
4.989082
-0.9775016
-32.861
20.83025
-1
0
0
1.448
5.417316
-0.5684047
-27.82782
26.09887
-1
0
0
1.448
5.19792
-1.098074
-34.34441
23.39961
-1
0
0
1.448
4.989082
-0.9775016
-32.861
20.83025
-1
0
0
1.448
5.184389
-0.5059921
-27.05994
23.23313
-1
0
0
1.448
5.417316
-0.5684047
-27.82782
26.09887
-1
0
0
1.448
5.184389
-0.5059921
-27.05994
23.23313
-1
0
0
1.448
5.492148
0
-20.83465
27.01954
-1
0
0
1.448
5.417316
-0.5684047
-27.82782
26.09887
-1
0
0
1.448
5.184389
-0.5059921
-27.05994
23.23313
-1
0
0
1.448
5.251003
0
-20.83465
24.0527
-1
0
0
1.448
5.492148
0
-20.83465
27.01954
-1
0
0
1.448
5.251003
0
-20.83465
24.0527
-1
0
0
1.448
5.417316
0.568405
-13.84147
26.09887
-1
0
0
1.448
5.492148
0
-20.83465
27.01954
-1
0
0
1.448
5.251003
0
-20.83465
24.0527
-1
0
0
1.448
5.184389
0.5059923
-14.60935
23.23313
-1
0
0
1.448
5.417316
0.568405
-13.84147
26.09887
-1
0
0
1.448
5.184389
0.5059923
-14.60935
23.23313
-1
0
0
1.448
4.989082
0.9775019
-8.808293
20.83025
-1
0
0
1.448
5.417316
0.568405
-13.84147
26.09887
-1
0
0
1.448
4.989082
0.9775019
-8.808293
20.83025
-1
0
0
1.448
5.19792
1.098074
-7.324876
23.39961
-1
0
0
1.448
5.417316
0.568405
-13.84147
26.09887
-1
0
0
1.448
4.989082
0.9775019
-8.808293
20.83025
-1
0
0
1.448
4.678396
1.382396
-3.826816
17.00783
-1
0
0
1.448
5.19792
1.098074
-7.324876
23.39961
-1
0
0
1.448
4.678396
1.382396
-3.826816
17.00783
-1
0
0
1.448
4.848911
1.552911
-1.728947
19.1057
-1
0
0
1.448
5.19792
1.098074
-7.324876
23.39961
-1
0
0
1.448
4.678396
1.382396
-3.826816
17.00783
-1
0
0
1.448
4.273501
1.693083
-0.004393066
12.02635
-1
0
0
1.448
4.848911
1.552911
-1.728947
19.1057
-1
0
0
1.448
4.273501
1.693083
-0.004393066
12.02635
-1
0
0
1.448
4.394074
1.90192
2.564961
13.50977
-1
0
0
1.448
4.848911
1.552911
-1.728947
19.1057
-1
0
0
1.448
4.273501
1.693083
-0.004393066
12.02635
-1
0
0
1.448
3.801992
1.888389
2.398482
6.225298
-1
0
0
1.448
4.394074
1.90192
2.564961
13.50977
-1
0
0
1.448
3.801992
1.888389
2.398482
6.225298
-1
0
0
1.448
3.329849
1.950548
3.163232
0.4164474
-1
0
0
1.448
4.394074
1.90192
2.564961
13.50977
-1
0
0
1.448
3.329849
1.950548
3.163232
0.4164474
-1
0
0
1.448
3.864405
2.121316
5.264225
6.993171
-1
0
0
1.448
4.394074
1.90192
2.564961
13.50977
-1
0
0
1.448
3.329849
1.950548
3.163232
0.4164474
-1
0
0
1.448
3.361055
2.187583
6.07952
0.800384
-1
0
0
1.448
3.864405
2.121316
5.264225
6.993171
-1
0
0
1.948
4.394074
-1.90192
-23.96654
-16.21009
0
0.5
-0.8660254
1.448
4.394074
-1.90192
-17.81496
-16.21009
0
0.5
-0.8660254
1.448
4.848911
-1.552911
-17.81496
-9.156571
0
0.7071068
-0.7071068
1.448
4.848911
-1.552911
-17.81496
-9.156571
0
0.7071068
-0.7071068
1.948
4.848911
-1.552911
-23.96654
-9.156571
0
0.7071068
-0.7071068
1.948
4.394074
-1.90192
-23.96654
-16.21009
0
0.5
-0.8660254
1.948
5.417316
0.568405
23.96654
17.12964
0
0.9659258
0.258819
1.948
5.492148
0
23.96654
24.18316
0
1
0
1.448
5.492148
0
17.81496
24.18316
0
1
0
1.448
5.492148
0
17.81496
24.18316
0
1
0
1.448
5.417316
0.568405
17.81496
17.12964
0
0.9659258
0.258819
1.948
5.417316
0.568405
23.96654
17.12964
0
0.9659258
0.258819
1.948
5.19792
-1.098074
-23.96654
-13.00248
0
0.8660254
-0.5
1.948
4.848911
-1.552911
-23.96654
-20.05599
0
0.7071068
-0.7071068
1.448
4.848911
-1.552911
-17.81496
-20.05599
0
0.7071068
-0.7071068
1.448
4.848911
-1.552911
-17.81496
-20.05599
0
0.7071068
-0.7071068
1.448
5.19792
-1.098074
-17.81496
-13.00248
0
0.8660254
-0.5
1.948
5.19792
-1.098074
-23.96654
-13.00248
0
0.8660254
-0.5
1.948
3.361055
-2.187583
-23.96654
47.44479
0
-0.9914449
-0.1305262
1.948
3.329849
-1.950547
-23.96654
44.50333
0
-0.9914449
-0.1305262
1.448
3.329849
-1.950547
-17.81496
44.50333
0
-0.9914449
-0.1305262
1.448
3.329849
-1.950547
-17.81496
44.50333
0
-0.9914449
-0.1305262
1.448
3.361055
-2.187583
-17.81496
47.44479
0
-0.9914449
-0.1305262
1.948
3.361055
-2.187583
-23.96654
47.44479
0
-0.9914449
-0.1305262
-1.948
3.864405
-2.121316
-46.93352
6.993171
-1
0
0
-1.948
3.361055
-2.187583
-47.74881
0.800384
-1
0
0
-1.948
3.329849
-1.950547
-44.83252
0.4164474
-1
0
0
-1.948
3.329849
-1.950547
-44.83252
0.4164474
-1
0
0
-1.948
4.394074
-1.90192
-44.23425
13.50977
-1
0
0
-1.948
3.864405
-2.121316
-46.93352
6.993171
-1
0
0
-1.948
3.329849
-1.950547
-44.83252
0.4164474
-1
0
0
-1.948
3.801992
-1.888388
-44.06777
6.225298
-1
0
0
-1.948
4.394074
-1.90192
-44.23425
13.50977
-1
0
0
-1.948
3.801992
-1.888388
-44.06777
6.225298
-1
0
0
-1.948
4.848911
-1.552911
-39.94035
19.1057
-1
0
0
-1.948
4.394074
-1.90192
-44.23425
13.50977
-1
0
0
-1.948
3.801992
-1.888388
-44.06777
6.225298
-1
0
0
-1.948
4.273501
-1.693083
-41.6649
12.02635
-1
0
0
-1.948
4.848911
-1.552911
-39.94035
19.1057
-1
0
0
-1.948
4.273501
-1.693083
-41.6649
12.02635
-1
0
0
-1.948
4.678396
-1.382396
-37.84248
17.00783
-1
0
0
-1.948
4.848911
-1.552911
-39.94035
19.1057
-1
0
0
-1.948
4.678396
-1.382396
-37.84248
17.00783
-1
0
0
-1.948
5.19792
-1.098074
-34.34441
23.39961
-1
0
0
-1.948
4.848911
-1.552911
-39.94035
19.1057
-1
0
0
-1.948
4.678396
-1.382396
-37.84248
17.00783
-1
0
0
-1.948
4.989082
-0.9775016
-32.861
20.83025
-1
0
0
-1.948
5.19792
-1.098074
-34.34441
23.39961
-1
0
0
-1.948
4.989082
-0.9775016
-32.861
20.83025
-1
0
0
-1.948
5.417316
-0.5684047
-27.82782
26.09887
-1
0
0
-1.948
5.19792
-1.098074
-34.34441
23.39961
-1
0
0
-1.948
4.989082
-0.9775016
-32.861
20.83025
-1
0
0
-1.948
5.184389
-0.5059921
-27.05994
23.23313
-1
0
0
-1.948
5.417316
-0.5684047
-27.82782
26.09887
-1
0
0
-1.948
5.184389
-0.5059921
-27.05994
23.23313
-1
0
0
-1.948
5.492148
0
-20.83465
27.01954
-1
0
0
-1.948
5.417316
-0.5684047
-27.82782
26.09887
-1
0
0
-1.948
5.184389
-0.5059921
-27.05994
23.23313
-1
0
0
-1.948
5.251003
0
-20.83465
24.0527
-1
0
0
-1.948
5.492148
0
-20.83465
27.01954
-1
0
0
-1.948
5.251003
0
-20.83465
24.0527
-1
0
0
-1.948
5.417316
0.568405
-13.84147
26.09887
-1
0
0
-1.948
5.492148
0
-20.83465
27.01954
-1
0
0
-1.948
5.251003
0
-20.83465
24.0527
-1
0
0
-1.948
5.184389
0.5059923
-14.60935
23.23313
-1
0
0
-1.948
5.417316
0.568405
-13.84147
26.09887
-1
0
0
-1.948
5.184389
0.5059923
-14.60935
23.23313
-1
0
0
-1.948
4.989082
0.9775019
-8.808293
20.83025
-1
0
0
-1.948
5.417316
0.568405
-13.84147
26.09887
-1
0
0
-1.948
4.989082
0.9775019
-8.808293
20.83025
-1
0
0
-1.948
5.19792
1.098074
-7.324876
23.39961
-1
0
0
-1.948
5.417316
0.568405
-13.84147
26.09887
-1
0
0
-1.948
4.989082
0.9775019
-8.808293
20.83025
-1
0
0
-1.948
4.678396
1.382396
-3.826816
17.00783
-1
0
0
-1.948
5.19792
1.098074
-7.324876
23.39961
-1
0
0
-1.948
4.678396
1.382396
-3.826816
17.00783
-1
0
0
-1.948
4.848911
1.552911
-1.728947
19.1057
-1
0
0
-1.948
5.19792
1.098074
-7.324876
23.39961
-1
0
0
-1.948
4.678396
1.382396
-3.826816
17.00783
-1
0
0
-1.948
4.273501
1.693083
-0.004393066
12.02635
-1
0
0
-1.948
4.848911
1.552911
-1.728947
19.1057
-1
0
0
-1.948
4.273501
1.693083
-0.004393066
12.02635
-1
0
0
-1.948
4.394074
1.90192
2.564961
13.50977
-1
0
0
-1.948
4.848911
1.552911
-1.728947
19.1057
-1
0
0
-1.948
4.273501
1.693083
-0.004393066
12.02635
-1
0
0
-1.948
3.801992
1.888389
2.398482
6.225298
-1
0
0
-1.948
4.394074
1.90192
2.564961
13.50977
-1
0
0
-1.948
3.801992
1.888389
2.398482
6.225298
-1
0
0
-1.948
3.329849
1.950548
3.163232
0.4164474
-1
0
0
-1.948
4.394074
1.90192
2.564961
13.50977
-1
0
0
-1.948
3.329849
1.950548
3.163232
0.4164474
-1
0
0
-1.948
3.864405
2.121316
5.264225
6.993171
-1
0
0
-1.948
4.394074
1.90192
2.564961
13.50977
-1
0
0
-1.948
3.329849
1.950548
3.163232
0.4164474
-1
0
0
-1.948
3.361055
2.187583
6.07952
0.800384
-1
0
0
-1.948
3.864405
2.121316
5.264225
6.993171
-1
0
0
-1.448
5.417316
-0.5684047
17.81496
-15.72194
0
0.9659258
-0.258819
-1.448
5.19792
-1.098074
17.81496
-22.77546
0
0.8660254
-0.5
-1.948
5.19792
-1.098074
23.96654
-22.77546
0
0.8660254
-0.5
-1.948
5.19792
-1.098074
23.96654
-22.77546
0
0.8660254
-0.5
-1.948
5.417316
-0.5684047
23.96654
-15.72194
0
0.9659258
-0.258819
-1.448
5.417316
-0.5684047
17.81496
-15.72194
0
0.9659258
-0.258819
-1.448
5.19792
-1.098074
17.81496
-13.00248
0
0.8660254
-0.5
-1.448
4.848911
-1.552911
17.81496
-20.05599
0
0.7071068
-0.7071068
-1.948
4.848911
-1.552911
23.96654
-20.05599
0
0.7071068
-0.7071068
-1.948
4.848911
-1.552911
23.96654
-20.05599
0
0.7071068
-0.7071068
-1.948
5.19792
-1.098074
23.96654
-13.00248
0
0.8660254
-0.5
-1.448
5.19792
-1.098074
17.81496
-13.00248
0
0.8660254
-0.5
-1.948
4.394074
1.90192
-23.96654
9.156571
0
0.5
0.8660254
-1.448
4.394074
1.90192
-17.81496
9.156571
0
0.5
0.8660254
-1.448
4.848911
1.552911
-17.81496
16.21009
0
0.7071068
0.7071068
-1.448
4.848911
1.552911
-17.81496
16.21009
0
0.7071068
0.7071068
-1.948
4.848911
1.552911
-23.96654
16.21009
0
0.7071068
0.7071068
-1.948
4.394074
1.90192
-23.96654
9.156571
0
0.5
0.8660254
-1.448
4.394074
-1.90192
17.81496
-16.21009
0
0.5
-0.8660254
-1.948
4.394074
-1.90192
23.96654
-16.21009
0
0.5
-0.8660254
-1.948
4.848911
-1.552911
23.96654
-9.156571
0
0.7071068
-0.7071068
-1.948
4.848911
-1.552911
23.96654
-9.156571
0
0.7071068
-0.7071068
-1.448
4.848911
-1.552911
17.81496
-9.156571
0
0.7071068
-0.7071068
-1.448
4.394074
-1.90192
17.81496
-16.21009
0
0.5
-0.8660254
-1.448
3.864405
-2.121316
17.81496
-11.49983
0
0.258819
-0.9659258
-1.948
3.864405
-2.121316
23.96654
-11.49983
0
0.258819
-0.9659258
-1.948
4.394074
-1.90192
23.96654
-4.446316
0
0.5
-0.8660254
-1.948
4.394074
-1.90192
23.96654
-4.446316
0
0.5
-0.8660254
-1.448
4.394074
-1.90192
17.81496
-4.446316
0
0.5
-0.8660254
-1.448
3.864405
-2.121316
17.81496
-11.49983
0
0.258819
-0.9659258
-1.448
3.361055
-2.187583
17.81496
-5.438934
0
0.1305262
-0.9914449
-1.948
3.361055
-2.187583
23.96654
-5.438934
0
0.1305262
-0.9914449
-1.948
3.864405
-2.121316
23.96654
0.8072906
0
0.258819
-0.9659258
-1.948
3.864405
-2.121316
23.96654
0.8072906
0
0.258819
-0.9659258
-1.448
3.864405
-2.121316
17.81496
0.8072906
0
0.258819
-0.9659258
-1.448
3.361055
-2.187583
17.81496
-5.438934
0
0.1305262
-0.9914449
-1.448
5.19792
1.098074
-17.81496
15.72194
0
0.8660254
0.5
-1.448
5.417316
0.568405
-17.81496
22.77546
0
0.9659258
0.258819
-1.948
5.417316
0.568405
-23.96654
22.77546
0
0.9659258
0.258819
-1.948
5.417316
0.568405
-23.96654
22.77546
0
0.9659258
0.258819
-1.948
5.19792
1.098074
-23.96654
15.72194
0
0.8660254
0.5
-1.448
5.19792
1.098074
-17.81496
15.72194
0
0.8660254
0.5
-1.448
3.361055
-2.187583
17.81496
47.44479
0
-0.9914449
-0.1305262
-1.448
3.329849
-1.950547
17.81496
44.50333
0
-0.9914449
-0.1305262
-1.948
3.329849
-1.950547
23.96654
44.50333
0
-0.9914449
-0.1305262
-1.948
3.329849
-1.950547
23.96654
44.50333
0
-0.9914449
-0.1305262
-1.948
3.361055
-2.187583
23.96654
47.44479
0
-0.9914449
-0.1305262
-1.448
3.361055
-2.187583
17.81496
47.44479
0
-0.9914449
-0.1305262
-1.448
3.329849
1.950548
-17.81496
3.190527
0
-0.9914449
0.1305262
-1.448
3.361055
2.187583
-17.81496
6.13198
0
-0.9914449
0.1305262
-1.948
3.361055
2.187583
-23.96654
6.13198
0
-0.9914449
0.1305262
-1.948
3.361055
2.187583
-23.96654
6.13198
0
-0.9914449
0.1305262
-1.948
3.329849
1.950548
-23.96654
3.190527
0
-0.9914449
0.1305262
-1.448
3.329849
1.950548
-17.81496
3.190527
0
-0.9914449
0.1305262
-1.448
4.848911
1.552911
-17.81496
13.00248
0
0.7071068
0.7071068
-1.448
5.19792
1.098074
-17.81496
20.05599
0
0.8660254
0.5
-1.948
5.19792
1.098074
-23.96654
20.05599
0
0.8660254
0.5
-1.948
5.19792
1.098074
-23.96654
20.05599
0
0.8660254
0.5
-1.948
4.848911
1.552911
-23.96654
13.00248
0
0.7071068
0.7071068
-1.448
4.848911
1.552911
-17.81496
13.00248
0
0.7071068
0.7071068
-1.448
5.417316
0.568405
-17.81496
17.12964
0
0.9659258
0.258819
-1.448
5.492148
0
-17.81496
24.18316
0
1
0
-1.948
5.492148
0
-23.96654
24.18316
0
1
0
-1.948
5.492148
0
-23.96654
24.18316
0
1
0
-1.948
5.417316
0.568405
-23.96654
17.12964
0
0.9659258
0.258819
-1.448
5.417316
0.568405
-17.81496
17.12964
0
0.9659258
0.258819
-1.448
5.492148
0
17.81496
-17.12964
0
1
0
-1.448
5.417316
-0.5684047
17.81496
-24.18316
0
0.9659258
-0.258819
-1.948
5.417316
-0.5684047
23.96654
-24.18316
0
0.9659258
-0.258819
-1.948
5.417316
-0.5684047
23.96654
-24.18316
0
0.9659258
-0.258819
-1.948
5.492148
0
23.96654
-17.12964
0
1
0
-1.448
5.492148
0
17.81496
-17.12964
0
1
0
-1.948
3.361055
2.187583
-23.96654
-1.953993E-14
0
0.1305262
0.9914449
-1.448
3.361055
2.187583
-17.81496
-1.953993E-14
0
0.1305262
0.9914449
-1.448
3.864405
2.121316
-17.81496
6.246224
0
0.258819
0.9659258
-1.448
3.864405
2.121316
-17.81496
6.246224
0
0.258819
0.9659258
-1.948
3.864405
2.121316
-23.96654
6.246224
0
0.258819
0.9659258
-1.948
3.361055
2.187583
-23.96654
-1.953993E-14
0
0.1305262
0.9914449
-1.948
3.864405
2.121316
-23.96654
4.446316
0
0.258819
0.9659258
-1.448
3.864405
2.121316
-17.81496
4.446316
0
0.258819
0.9659258
-1.448
4.394074
1.90192
-17.81496
11.49983
0
0.5
0.8660254
-1.448
4.394074
1.90192
-17.81496
11.49983
0
0.5
0.8660254
-1.948
4.394074
1.90192
-23.96654
11.49983
0
0.5
0.8660254
-1.948
3.864405
2.121316
-23.96654
4.446316
0
0.258819
0.9659258
-1.448
3.329849
-1.950547
44.83252
0.4164474
1
0
0
-1.448
3.361055
-2.187583
47.74881
0.800384
1
0
0
-1.448
3.864405
-2.121316
46.93352
6.993171
1
0
0
-1.448
3.864405
-2.121316
46.93352
6.993171
1
0
0
-1.448
4.394074
-1.90192
44.23425
13.50977
1
0
0
-1.448
3.329849
-1.950547
44.83252
0.4164474
1
0
0
-1.448
4.394074
-1.90192
44.23425
13.50977
1
0
0
-1.448
3.801992
-1.888388
44.06777
6.225298
1
0
0
-1.448
3.329849
-1.950547
44.83252
0.4164474
1
0
0
-1.448
4.394074
-1.90192
44.23425
13.50977
1
0
0
-1.448
4.848911
-1.552911
39.94035
19.1057
1
0
0
-1.448
3.801992
-1.888388
44.06777
6.225298
1
0
0
-1.448
4.848911
-1.552911
39.94035
19.1057
1
0
0
-1.448
4.273501
-1.693083
41.6649
12.02635
1
0
0
-1.448
3.801992
-1.888388
44.06777
6.225298
1
0
0
-1.448
4.848911
-1.552911
39.94035
19.1057
1
0
0
-1.448
4.678396
-1.382396
37.84248
17.00783
1
0
0
-1.448
4.273501
-1.693083
41.6649
12.02635
1
0
0
-1.448
4.848911
-1.552911
39.94035
19.1057
1
0
0
-1.448
5.19792
-1.098074
34.34441
23.39961
1
0
0
-1.448
4.678396
-1.382396
37.84248
17.00783
1
0
0
-1.448
5.19792
-1.098074
34.34441
23.39961
1
0
0
-1.448
4.989082
-0.9775016
32.861
20.83025
1
0
0
-1.448
4.678396
-1.382396
37.84248
17.00783
1
0
0
-1.448
5.19792
-1.098074
34.34441
23.39961
1
0
0
-1.448
5.417316
-0.5684047
27.82782
26.09887
1
0
0
-1.448
4.989082
-0.9775016
32.861
20.83025
1
0
0
-1.448
5.417316
-0.5684047
27.82782
26.09887
1
0
0
-1.448
5.184389
-0.5059921
27.05994
23.23313
1
0
0
-1.448
4.989082
-0.9775016
32.861
20.83025
1
0
0
-1.448
5.417316
-0.5684047
27.82782
26.09887
1
0
0
-1.448
5.492148
0
20.83465
27.01954
1
0
0
-1.448
5.184389
-0.5059921
27.05994
23.23313
1
0
0
-1.448
5.492148
0
20.83465
27.01954
1
0
0
-1.448
5.251003
0
20.83465
24.0527
1
0
0
-1.448
5.184389
-0.5059921
27.05994
23.23313
1
0
0
-1.448
5.492148
0
20.83465
27.01954
1
0
0
-1.448
5.417316
0.568405
13.84147
26.09887
1
0
0
-1.448
5.251003
0
20.83465
24.0527
1
0
0
-1.448
5.417316
0.568405
13.84147
26.09887
1
0
0
-1.448
5.184389
0.5059923
14.60935
23.23313
1
0
0
-1.448
5.251003
0
20.83465
24.0527
1
0
0
-1.448
5.417316
0.568405
13.84147
26.09887
1
0
0
-1.448
4.989082
0.9775019
8.808293
20.83025
1
0
0
-1.448
5.184389
0.5059923
14.60935
23.23313
1
0
0
-1.448
5.417316
0.568405
13.84147
26.09887
1
0
0
-1.448
5.19792
1.098074
7.324876
23.39961
1
0
0
-1.448
4.989082
0.9775019
8.808293
20.83025
1
0
0
-1.448
5.19792
1.098074
7.324876
23.39961
1
0
0
-1.448
4.678396
1.382396
3.826816
17.00783
1
0
0
-1.448
4.989082
0.9775019
8.808293
20.83025
1
0
0
-1.448
5.19792
1.098074
7.324876
23.39961
1
0
0
-1.448
4.848911
1.552911
1.728947
19.1057
1
0
0
-1.448
4.678396
1.382396
3.826816
17.00783
1
0
0
-1.448
4.848911
1.552911
1.728947
19.1057
1
0
0
-1.448
4.273501
1.693083
0.004393066
12.02635
1
0
0
-1.448
4.678396
1.382396
3.826816
17.00783
1
0
0
-1.448
4.848911
1.552911
1.728947
19.1057
1
0
0
-1.448
4.394074
1.90192
-2.564961
13.50977
1
0
0
-1.448
4.273501
1.693083
0.004393066
12.02635
1
0
0
-1.448
4.394074
1.90192
-2.564961
13.50977
1
0
0
-1.448
3.801992
1.888389
-2.398482
6.225298
1
0
0
-1.448
4.273501
1.693083
0.004393066
12.02635
1
0
0
-1.448
4.394074
1.90192
-2.564961
13.50977
1
0
0
-1.448
3.329849
1.950548
-3.163232
0.4164474
1
0
0
-1.448
3.801992
1.888389
-2.398482
6.225298
1
0
0
-1.448
4.394074
1.90192
-2.564961
13.50977
1
0
0
-1.448
3.864405
2.121316
-5.264225
6.993171
1
0
0
-1.448
3.329849
1.950548
-3.163232
0.4164474
1
0
0
-1.448
3.864405
2.121316
-5.264225
6.993171
1
0
0
-1.448
3.361055
2.187583
-6.07952
0.800384
1
0
0
-1.448
3.329849
1.950548
-3.163232
0.4164474
1
0
0
