6816
0.017578
-0.021957
0.234549
0
0
-0.0018
0.0010
-1.0000
0.012841
0.024484
0.234606
0
0
-0.0018
0.0010
-1.0000
0.091645
0.032524
0.234469
0
0
-0.0018
0.0010
-1.0000
0.017578
-0.021957
0.234549
0
0
-0.0018
0.0010
-1.0000
0.091645
0.032524
0.234469
0
0
-0.0018
0.0010
-1.0000
0.096383
-0.013918
0.234412
0
0
-0.0018
0.0010
-1.0000
0.096659
-0.014074
0.384522
0
0
0.9948
0.1015
-0.0017
0.091921
0.032368
0.384579
0
0
0.9948
0.1015
-0.0017
0.091973
0.032338
0.413135
0
0
0.9948
0.1015
-0.0017
0.096659
-0.014074
0.384522
0
0
0.9948
0.1015
-0.0017
0.091973
0.032338
0.413135
0
0
0.9948
0.1015
-0.0017
0.096711
-0.014104
0.413078
0
0
0.9948
0.1015
-0.0017
0.096711
-0.014104
0.413078
0
0
0.0018
-0.0010
1.0000
0.091973
0.032338
0.413135
0
0
0.0018
-0.0010
1.0000
0.013169
0.024299
0.413272
0
0
0.0018
-0.0010
1.0000
0.096711
-0.014104
0.413078
0
0
0.0018
-0.0010
1.0000
0.013169
0.024299
0.413272
0
0
0.0018
-0.0010
1.0000
0.017906
-0.022143
0.413215
0
0
0.0018
-0.0010
1.0000
0.017631
-0.021987
0.263105
0
0
-0.9948
-0.1015
0.0017
0.012893
0.024455
0.263162
0
0
-0.9948
-0.1015
0.0017
0.012841
0.024484
0.234606
0
0
-0.9948
-0.1015
0.0017
0.017631
-0.021987
0.263105
0
0
-0.9948
-0.1015
0.0017
0.012841
0.024484
0.234606
0
0
-0.9948
-0.1015
0.0017
0.017578
-0.021957
0.234549
0
0
-0.9948
-0.1015
0.0017
0.096659
-0.014074
0.384522
0
0
0.1015
-0.9948
-0.0012
0.096711
-0.014104
0.413078
0
0
0.1015
-0.9948
-0.0012
0.017906
-0.022143
0.413215
0
0
0.1015
-0.9948
-0.0012
0.096659
-0.014074
0.384522
0
0
0.1015
-0.9948
-0.0012
0.017906
-0.022143
0.413215
0
0
0.1015
-0.9948
-0.0012
0.017854
-0.022114
0.384658
0
0
0.1015
-0.9948
-0.0012
0.091698
0.032494
0.263026
0
0
-0.1015
0.9948
0.0012
0.091645
0.032524
0.234469
0
0
-0.1015
0.9948
0.0012
0.012841
0.024484
0.234606
0
0
-0.1015
0.9948
0.0012
0.091698
0.032494
0.263026
0
0
-0.1015
0.9948
0.0012
0.012841
0.024484
0.234606
0
0
-0.1015
0.9948
0.0012
0.012893
0.024455
0.263162
0
0
-0.1015
0.9948
0.0012
0.091698
0.032494
0.263026
0
0
-0.1015
0.9948
0.0012
0.012893
0.024455
0.263162
0
0
-0.1015
0.9948
0.0012
0.013116
0.024328
0.384715
0
0
-0.1015
0.9948
0.0012
0.091698
0.032494
0.263026
0
0
-0.1015
0.9948
0.0012
0.013116
0.024328
0.384715
0
0
-0.1015
0.9948
0.0012
0.091921
0.032368
0.384579
0
0
-0.1015
0.9948
0.0012
0.096659
-0.014074
0.384522
0
0
0.1015
-0.9948
-0.0012
0.017854
-0.022114
0.384658
0
0
0.1015
-0.9948
-0.0012
0.017631
-0.021987
0.263105
0
0
0.1015
-0.9948
-0.0012
0.096659
-0.014074
0.384522
0
0
0.1015
-0.9948
-0.0012
0.017631
-0.021987
0.263105
0
0
0.1015
-0.9948
-0.0012
0.096436
-0.013948
0.262969
0
0
0.1015
-0.9948
-0.0012
0.013116
0.024328
0.384715
0
0
-0.9948
-0.1015
0.0017
0.012893
0.024455
0.263162
0
0
-0.9948
-0.1015
0.0017
0.017631
-0.021987
0.263105
0
0
-0.9948
-0.1015
0.0017
0.013116
0.024328
0.384715
0
0
-0.9948
-0.1015
0.0017
0.017631
-0.021987
0.263105
0
0
-0.9948
-0.1015
0.0017
0.017854
-0.022114
0.384658
0
0
-0.9948
-0.1015
0.0017
0.091698
0.032494
0.263026
0
0
-0.1015
0.9948
0.0012
0.091921
0.032368
0.384579
0
0
-0.1015
0.9948
0.0012
0.141884
0.037465
0.384492
0
0
-0.1015
0.9948
0.0012
0.091698
0.032494
0.263026
0
0
-0.1015
0.9948
0.0012
0.141884
0.037465
0.384492
0
0
-0.1015
0.9948
0.0012
0.141660
0.037591
0.262939
0
0
-0.1015
0.9948
0.0012
0.096383
-0.013918
0.234412
0
0
0.9948
0.1015
-0.0017
0.091645
0.032524
0.234469
0
0
0.9948
0.1015
-0.0017
0.091698
0.032494
0.263026
0
0
0.9948
0.1015
-0.0017
0.096383
-0.013918
0.234412
0
0
0.9948
0.1015
-0.0017
0.091698
0.032494
0.263026
0
0
0.9948
0.1015
-0.0017
0.096436
-0.013948
0.262969
0
0
0.9948
0.1015
-0.0017
0.096383
-0.013918
0.234412
0
0
0.1015
-0.9948
-0.0012
0.096436
-0.013948
0.262969
0
0
0.1015
-0.9948
-0.0012
0.017631
-0.021987
0.263105
0
0
0.1015
-0.9948
-0.0012
0.096383
-0.013918
0.234412
0
0
0.1015
-0.9948
-0.0012
0.017631
-0.021987
0.263105
0
0
0.1015
-0.9948
-0.0012
0.017578
-0.021957
0.234549
0
0
0.1015
-0.9948
-0.0012
0.017906
-0.022143
0.413215
0
0
-0.9948
-0.1015
0.0017
0.013169
0.024299
0.413272
0
0
-0.9948
-0.1015
0.0017
0.013116
0.024328
0.384715
0
0
-0.9948
-0.1015
0.0017
0.017906
-0.022143
0.413215
0
0
-0.9948
-0.1015
0.0017
0.013116
0.024328
0.384715
0
0
-0.9948
-0.1015
0.0017
0.017854
-0.022114
0.384658
0
0
-0.9948
-0.1015
0.0017
0.091973
0.032338
0.413135
0
0
-0.1015
0.9948
0.0012
0.091921
0.032368
0.384579
0
0
-0.1015
0.9948
0.0012
0.013116
0.024328
0.384715
0
0
-0.1015
0.9948
0.0012
0.091973
0.032338
0.413135
0
0
-0.1015
0.9948
0.0012
0.013116
0.024328
0.384715
0
0
-0.1015
0.9948
0.0012
0.013169
0.024299
0.413272
0
0
-0.1015
0.9948
0.0012
0.014859
0.035557
-0.008508
0
0
0.8108
0.5853
-0.0009
0.015717
0.035070
0.459124
0
0
0.8108
0.5853
-0.0009
0.038598
0.003374
0.459049
0
0
0.8108
0.5853
-0.0009
0.014859
0.035557
-0.008508
0
0
0.8108
0.5853
-0.0009
0.038598
0.003374
0.459049
0
0
0.8108
0.5853
-0.0009
0.037740
0.003861
-0.008583
0
0
0.8108
0.5853
-0.0009
-0.017160
-0.035771
-0.008523
0
0
-0.8108
-0.5853
0.0009
-0.016301
-0.036257
0.459109
0
0
-0.8108
-0.5853
0.0009
-0.039182
-0.004561
0.459184
0
0
-0.8108
-0.5853
0.0009
-0.017160
-0.035771
-0.008523
0
0
-0.8108
-0.5853
0.0009
-0.039182
-0.004561
0.459184
0
0
-0.8108
-0.5853
0.0009
-0.040041
-0.004074
-0.008448
0
0
-0.8108
-0.5853
0.0009
-0.040041
-0.004074
-0.008448
0
0
-0.9123
0.4095
0.0021
-0.039182
-0.004561
0.459184
0
0
-0.9123
0.4095
0.0021
-0.023173
0.031103
0.459192
0
0
-0.9123
0.4095
0.0021
-0.040041
-0.004074
-0.008448
0
0
-0.9123
0.4095
0.0021
-0.023173
0.031103
0.459192
0
0
-0.9123
0.4095
0.0021
-0.024032
0.031589
-0.008440
0
0
-0.9123
0.4095
0.0021
-0.024032
0.031589
-0.008440
0
0
-0.1015
0.9948
0.0012
-0.023173
0.031103
0.459192
0
0
-0.1015
0.9948
0.0012
0.015717
0.035070
0.459124
0
0
-0.1015
0.9948
0.0012
-0.024032
0.031589
-0.008440
0
0
-0.1015
0.9948
0.0012
0.015717
0.035070
0.459124
0
0
-0.1015
0.9948
0.0012
0.014859
0.035557
-0.008508
0
0
-0.1015
0.9948
0.0012
0.037740
0.003861
-0.008583
0
0
0.9123
-0.4095
-0.0021
0.038598
0.003374
0.459049
0
0
0.9123
-0.4095
-0.0021
0.022589
-0.032290
0.459041
0
0
0.9123
-0.4095
-0.0021
0.037740
0.003861
-0.008583
0
0
0.9123
-0.4095
-0.0021
0.022589
-0.032290
0.459041
0
0
0.9123
-0.4095
-0.0021
0.021730
-0.031803
-0.008590
0
0
0.9123
-0.4095
-0.0021
0.021730
-0.031803
-0.008590
0
0
0.1015
-0.9948
-0.0012
0.022589
-0.032290
0.459041
0
0
0.1015
-0.9948
-0.0012
-0.016301
-0.036257
0.459109
0
0
0.1015
-0.9948
-0.0012
0.021730
-0.031803
-0.008590
0
0
0.1015
-0.9948
-0.0012
-0.016301
-0.036257
0.459109
0
0
0.1015
-0.9948
-0.0012
-0.017160
-0.035771
-0.008523
0
0
0.1015
-0.9948
-0.0012
0.020344
-0.030040
-0.112989
0
0
0.1015
-0.9948
-0.0061
-0.016516
-0.033800
-0.112925
0
0
0.1015
-0.9948
-0.0061
-0.016494
-0.033519
-0.158377
0
0
0.1015
-0.9948
-0.0061
0.020344
-0.030040
-0.112989
0
0
0.1015
-0.9948
-0.0061
-0.016494
-0.033519
-0.158377
0
0
0.1015
-0.9948
-0.0061
0.020111
-0.029785
-0.158440
0
0
0.1015
-0.9948
-0.0061
0.021730
-0.031803
-0.008590
0
0
0.0553
-0.5278
0.8475
-0.017160
-0.035771
-0.008523
0
0
0.0553
-0.5278
0.8475
-0.021447
-0.045292
-0.014173
0
0
0.0553
-0.5278
0.8475
0.021730
-0.031803
-0.008590
0
0
0.0553
-0.5278
0.8475
-0.021447
-0.045292
-0.014173
0
0
0.0553
-0.5278
0.8475
0.027832
-0.040265
-0.014258
0
0
0.0553
-0.5278
0.8475
0.035518
0.003762
-0.112982
0
0
0.1552
0.1143
-0.9812
0.013831
0.033804
-0.112911
0
0
0.1552
0.1143
-0.9812
0.018114
0.043334
-0.111123
0
0
0.1552
0.1143
-0.9812
0.035518
0.003762
-0.112982
0
0
0.1552
0.1143
-0.9812
0.018114
0.043334
-0.111123
0
0
0.1552
0.1143
-0.9812
0.045916
0.004821
-0.111214
0
0
0.1552
0.1143
-0.9812
-0.024121
0.031640
-0.057134
0
0
-0.0549
0.5527
0.8316
0.014769
0.035607
-0.057201
0
0
-0.0549
0.5527
0.8316
0.019035
0.045141
-0.063256
0
0
-0.0549
0.5527
0.8316
-0.024121
0.031640
-0.057134
0
0
-0.0549
0.5527
0.8316
0.019035
0.045141
-0.063256
0
0
-0.0549
0.5527
0.8316
-0.030245
0.040114
-0.063170
0
0
-0.0549
0.5527
0.8316
0.037650
0.003911
-0.057276
0
0
0.5092
-0.2287
0.8297
0.021641
-0.031753
-0.057284
0
0
0.5092
-0.2287
0.8297
0.027742
-0.040214
-0.063360
0
0
0.5092
-0.2287
0.8297
0.037650
0.003911
-0.057276
0
0
0.5092
-0.2287
0.8297
0.027742
-0.040214
-0.063360
0
0
0.5092
-0.2287
0.8297
0.048028
0.004977
-0.063351
0
0
0.5092
-0.2287
0.8297
-0.017160
-0.035771
-0.008523
0
0
-0.4279
-0.3109
0.8487
-0.040041
-0.004074
-0.008448
0
0
-0.4279
-0.3109
0.8487
-0.050441
-0.005128
-0.014078
0
0
-0.4279
-0.3109
0.8487
-0.017160
-0.035771
-0.008523
0
0
-0.4279
-0.3109
0.8487
-0.050441
-0.005128
-0.014078
0
0
-0.4279
-0.3109
0.8487
-0.021447
-0.045292
-0.014173
0
0
-0.4279
-0.3109
0.8487
-0.024098
0.031627
-0.044358
0
0
-0.4167
0.1873
-0.8895
-0.040107
-0.004037
-0.044365
0
0
-0.4167
0.1873
-0.8895
-0.050488
-0.005102
-0.039727
0
0
-0.4167
0.1873
-0.8895
-0.024098
0.031627
-0.044358
0
0
-0.4167
0.1873
-0.8895
-0.050488
-0.005102
-0.039727
0
0
-0.4167
0.1873
-0.8895
-0.030202
0.040089
-0.039717
0
0
-0.4167
0.1873
-0.8895
0.021305
-0.031346
-0.096269
0
0
0.0234
-0.2129
0.9768
-0.017136
-0.035268
-0.096202
0
0
0.0234
-0.2129
0.9768
-0.021014
-0.043896
-0.097990
0
0
0.0234
-0.2129
0.9768
0.021305
-0.031346
-0.096269
0
0
0.0234
-0.2129
0.9768
-0.021014
-0.043896
-0.097990
0
0
0.0234
-0.2129
0.9768
0.026839
-0.039014
-0.098073
0
0
0.0234
-0.2129
0.9768
0.037650
0.003911
-0.057276
0
0
0.9123
-0.4095
-0.0021
0.037674
0.003898
-0.044500
0
0
0.9123
-0.4095
-0.0021
0.021664
-0.031766
-0.044508
0
0
0.9123
-0.4095
-0.0021
0.037650
0.003911
-0.057276
0
0
0.9123
-0.4095
-0.0021
0.021664
-0.031766
-0.044508
0
0
0.9123
-0.4095
-0.0021
0.021641
-0.031753
-0.057284
0
0
0.9123
-0.4095
-0.0021
-0.040041
-0.004074
-0.008448
0
0
-0.4817
0.2160
0.8493
-0.024032
0.031589
-0.008440
0
0
-0.4817
0.2160
0.8493
-0.030155
0.040063
-0.014068
0
0
-0.4817
0.2160
0.8493
-0.040041
-0.004074
-0.008448
0
0
-0.4817
0.2160
0.8493
-0.030155
0.040063
-0.014068
0
0
-0.4817
0.2160
0.8493
-0.050441
-0.005128
-0.014078
0
0
-0.4817
0.2160
0.8493
0.021641
-0.031753
-0.057284
0
0
0.1015
-0.9948
-0.0012
0.021664
-0.031766
-0.044508
0
0
0.1015
-0.9948
-0.0012
-0.017226
-0.035733
-0.044440
0
0
0.1015
-0.9948
-0.0012
0.021641
-0.031753
-0.057284
0
0
0.1015
-0.9948
-0.0012
-0.017226
-0.035733
-0.044440
0
0
0.1015
-0.9948
-0.0012
-0.017249
-0.035720
-0.057216
0
0
0.1015
-0.9948
-0.0012
-0.040130
-0.004024
-0.057141
0
0
-0.5061
0.2270
0.8321
-0.024121
0.031640
-0.057134
0
0
-0.5061
0.2270
0.8321
-0.030245
0.040114
-0.063170
0
0
-0.5061
0.2270
0.8321
-0.040130
-0.004024
-0.057141
0
0
-0.5061
0.2270
0.8321
-0.030245
0.040114
-0.063170
0
0
-0.5061
0.2270
0.8321
-0.050531
-0.005077
-0.063180
0
0
-0.5061
0.2270
0.8321
-0.017249
-0.035720
-0.057216
0
0
-0.8108
-0.5853
0.0009
-0.017226
-0.035733
-0.044440
0
0
-0.8108
-0.5853
0.0009
-0.040107
-0.004037
-0.044365
0
0
-0.8108
-0.5853
0.0009
-0.017249
-0.035720
-0.057216
0
0
-0.8108
-0.5853
0.0009
-0.040107
-0.004037
-0.044365
0
0
-0.8108
-0.5853
0.0009
-0.040130
-0.004024
-0.057141
0
0
-0.8108
-0.5853
0.0009
-0.024032
0.031589
-0.008440
0
0
-0.0522
0.5261
0.8488
0.014859
0.035557
-0.008508
0
0
-0.0522
0.5261
0.8488
0.019125
0.045090
-0.014154
0
0
-0.0522
0.5261
0.8488
-0.024032
0.031589
-0.008440
0
0
-0.0522
0.5261
0.8488
0.019125
0.045090
-0.014154
0
0
-0.0522
0.5261
0.8488
-0.030155
0.040063
-0.014068
0
0
-0.0522
0.5261
0.8488
-0.040130
-0.004024
-0.057141
0
0
-0.9123
0.4095
0.0021
-0.040107
-0.004037
-0.044365
0
0
-0.9123
0.4095
0.0021
-0.024098
0.031627
-0.044358
0
0
-0.9123
0.4095
0.0021
-0.040130
-0.004024
-0.057141
0
0
-0.9123
0.4095
0.0021
-0.024098
0.031627
-0.044358
0
0
-0.9123
0.4095
0.0021
-0.024121
0.031640
-0.057134
0
0
-0.9123
0.4095
0.0021
-0.023029
0.030043
-0.112847
0
0
-0.1784
0.0803
-0.9807
-0.038203
-0.003759
-0.112854
0
0
-0.1784
0.0803
-0.9807
-0.048594
-0.004821
-0.111051
0
0
-0.1784
0.0803
-0.9807
-0.023029
0.030043
-0.112847
0
0
-0.1784
0.0803
-0.9807
-0.048594
-0.004821
-0.111051
0
0
-0.1784
0.0803
-0.9807
-0.029142
0.038514
-0.111041
0
0
-0.1784
0.0803
-0.9807
-0.024121
0.031640
-0.057134
0
0
-0.1015
0.9948
0.0012
-0.024098
0.031627
-0.044358
0
0
-0.1015
0.9948
0.0012
0.014793
0.035594
-0.044425
0
0
-0.1015
0.9948
0.0012
-0.024121
0.031640
-0.057134
0
0
-0.1015
0.9948
0.0012
0.014793
0.035594
-0.044425
0
0
-0.1015
0.9948
0.0012
0.014769
0.035607
-0.057201
0
0
-0.1015
0.9948
0.0012
-0.040107
-0.004037
-0.044365
0
0
-0.3705
-0.2654
-0.8901
-0.017226
-0.035733
-0.044440
0
0
-0.3705
-0.2654
-0.8901
-0.021494
-0.045265
-0.039822
0
0
-0.3705
-0.2654
-0.8901
-0.040107
-0.004037
-0.044365
0
0
-0.3705
-0.2654
-0.8901
-0.021494
-0.045265
-0.039822
0
0
-0.3705
-0.2654
-0.8901
-0.050488
-0.005102
-0.039727
0
0
-0.3705
-0.2654
-0.8901
0.014769
0.035607
-0.057201
0
0
0.8108
0.5853
-0.0009
0.014793
0.035594
-0.044425
0
0
0.8108
0.5853
-0.0009
0.037674
0.003898
-0.044500
0
0
0.8108
0.5853
-0.0009
0.014769
0.035607
-0.057201
0
0
0.8108
0.5853
-0.0009
0.037674
0.003898
-0.044500
0
0
0.8108
0.5853
-0.0009
0.037650
0.003911
-0.057276
0
0
0.8108
0.5853
-0.0009
0.019078
0.045117
-0.039802
0
0
0.8108
0.5853
-0.0009
0.019125
0.045090
-0.014154
0
0
0.8108
0.5853
-0.0009
0.048118
0.004926
-0.014249
0
0
0.8108
0.5853
-0.0009
0.019078
0.045117
-0.039802
0
0
0.8108
0.5853
-0.0009
0.048118
0.004926
-0.014249
0
0
0.8108
0.5853
-0.0009
0.048071
0.004953
-0.039897
0
0
0.8108
0.5853
-0.0009
-0.030202
0.040089
-0.039717
0
0
-0.1015
0.9948
0.0012
-0.030155
0.040063
-0.014068
0
0
-0.1015
0.9948
0.0012
0.019125
0.045090
-0.014154
0
0
-0.1015
0.9948
0.0012
-0.030202
0.040089
-0.039717
0
0
-0.1015
0.9948
0.0012
0.019125
0.045090
-0.014154
0
0
-0.1015
0.9948
0.0012
0.019078
0.045117
-0.039802
0
0
-0.1015
0.9948
0.0012
-0.050488
-0.005102
-0.039727
0
0
-0.9123
0.4095
0.0021
-0.050441
-0.005128
-0.014078
0
0
-0.9123
0.4095
0.0021
-0.030155
0.040063
-0.014068
0
0
-0.9123
0.4095
0.0021
-0.050488
-0.005102
-0.039727
0
0
-0.9123
0.4095
0.0021
-0.030155
0.040063
-0.014068
0
0
-0.9123
0.4095
0.0021
-0.030202
0.040089
-0.039717
0
0
-0.9123
0.4095
0.0021
-0.021494
-0.045265
-0.039822
0
0
-0.8108
-0.5853
0.0009
-0.021447
-0.045292
-0.014173
0
0
-0.8108
-0.5853
0.0009
-0.050441
-0.005128
-0.014078
0
0
-0.8108
-0.5853
0.0009
-0.021494
-0.045265
-0.039822
0
0
-0.8108
-0.5853
0.0009
-0.050441
-0.005128
-0.014078
0
0
-0.8108
-0.5853
0.0009
-0.050488
-0.005102
-0.039727
0
0
-0.8108
-0.5853
0.0009
0.027785
-0.040238
-0.039907
0
0
0.1015
-0.9948
-0.0012
0.027832
-0.040265
-0.014258
0
0
0.1015
-0.9948
-0.0012
-0.021447
-0.045292
-0.014173
0
0
0.1015
-0.9948
-0.0012
0.027785
-0.040238
-0.039907
0
0
0.1015
-0.9948
-0.0012
-0.021447
-0.045292
-0.014173
0
0
0.1015
-0.9948
-0.0012
-0.021494
-0.045265
-0.039822
0
0
0.1015
-0.9948
-0.0012
0.048071
0.004953
-0.039897
0
0
0.9123
-0.4095
-0.0021
0.048118
0.004926
-0.014249
0
0
0.9123
-0.4095
-0.0021
0.027832
-0.040265
-0.014258
0
0
0.9123
-0.4095
-0.0021
0.048071
0.004953
-0.039897
0
0
0.9123
-0.4095
-0.0021
0.027832
-0.040265
-0.014258
0
0
0.9123
-0.4095
-0.0021
0.027785
-0.040238
-0.039907
0
0
0.9123
-0.4095
-0.0021
0.037130
0.003906
-0.096261
0
0
0.8765
-0.3934
-0.2774
0.048028
0.004977
-0.063351
0
0
0.8765
-0.3934
-0.2774
0.027742
-0.040214
-0.063360
0
0
0.8765
-0.3934
-0.2774
0.037130
0.003906
-0.096261
0
0
0.8765
-0.3934
-0.2774
0.027742
-0.040214
-0.063360
0
0
0.8765
-0.3934
-0.2774
0.021305
-0.031346
-0.096269
0
0
0.8765
-0.3934
-0.2774
0.021305
-0.031346
-0.096269
0
0
0.0971
-0.9561
-0.2766
0.027742
-0.040214
-0.063360
0
0
0.0971
-0.9561
-0.2766
-0.021537
-0.045241
-0.063275
0
0
0.0971
-0.9561
-0.2766
0.021305
-0.031346
-0.096269
0
0
0.0971
-0.9561
-0.2766
-0.021537
-0.045241
-0.063275
0
0
0.0971
-0.9561
-0.2766
-0.017136
-0.035268
-0.096202
0
0
0.0971
-0.9561
-0.2766
-0.017136
-0.035268
-0.096202
0
0
-0.7800
-0.5624
-0.2746
-0.021537
-0.045241
-0.063275
0
0
-0.7800
-0.5624
-0.2746
-0.050531
-0.005077
-0.063180
0
0
-0.7800
-0.5624
-0.2746
-0.017136
-0.035268
-0.096202
0
0
-0.7800
-0.5624
-0.2746
-0.050531
-0.005077
-0.063180
0
0
-0.7800
-0.5624
-0.2746
-0.039754
-0.003937
-0.096128
0
0
-0.7800
-0.5624
-0.2746
-0.039754
-0.003937
-0.096128
0
0
-0.8775
0.3940
-0.2734
-0.050531
-0.005077
-0.063180
0
0
-0.8775
0.3940
-0.2734
-0.030245
0.040114
-0.063170
0
0
-0.8775
0.3940
-0.2734
-0.039754
-0.003937
-0.096128
0
0
-0.8775
0.3940
-0.2734
-0.030245
0.040114
-0.063170
0
0
-0.8775
0.3940
-0.2734
-0.023929
0.031315
-0.096121
0
0
-0.8775
0.3940
-0.2734
-0.023929
0.031315
-0.096121
0
0
-0.0981
0.9566
-0.2742
-0.030245
0.040114
-0.063170
0
0
-0.0981
0.9566
-0.2742
0.019035
0.045141
-0.063256
0
0
-0.0981
0.9566
-0.2742
-0.023929
0.031315
-0.096121
0
0
-0.0981
0.9566
-0.2742
0.019035
0.045141
-0.063256
0
0
-0.0981
0.9566
-0.2742
0.014513
0.035237
-0.096187
0
0
-0.0981
0.9566
-0.2742
0.014513
0.035237
-0.096187
0
0
0.7789
0.5630
-0.2763
0.019035
0.045141
-0.063256
0
0
0.7789
0.5630
-0.2763
0.048028
0.004977
-0.063351
0
0
0.7789
0.5630
-0.2763
0.014513
0.035237
-0.096187
0
0
0.7789
0.5630
-0.2763
0.048028
0.004977
-0.063351
0
0
0.7789
0.5630
-0.2763
0.037130
0.003906
-0.096261
0
0
0.7789
0.5630
-0.2763
0.021664
-0.031766
-0.044508
0
0
0.4134
-0.1854
-0.8915
0.037674
0.003898
-0.044500
0
0
0.4134
-0.1854
-0.8915
0.048071
0.004953
-0.039897
0
0
0.4134
-0.1854
-0.8915
0.021664
-0.031766
-0.044508
0
0
0.4134
-0.1854
-0.8915
0.048071
0.004953
-0.039897
0
0
0.4134
-0.1854
-0.8915
0.027785
-0.040238
-0.039907
0
0
0.4134
-0.1854
-0.8915
0.014793
0.035594
-0.044425
0
0
-0.0478
0.4536
-0.8899
-0.024098
0.031627
-0.044358
0
0
-0.0478
0.4536
-0.8899
-0.030202
0.040089
-0.039717
0
0
-0.0478
0.4536
-0.8899
0.014793
0.035594
-0.044425
0
0
-0.0478
0.4536
-0.8899
-0.030202
0.040089
-0.039717
0
0
-0.0478
0.4536
-0.8899
0.019078
0.045117
-0.039802
0
0
-0.0478
0.4536
-0.8899
0.037740
0.003861
-0.008583
0
0
0.4848
-0.2178
0.8471
0.021730
-0.031803
-0.008590
0
0
0.4848
-0.2178
0.8471
0.027832
-0.040265
-0.014258
0
0
0.4848
-0.2178
0.8471
0.037740
0.003861
-0.008583
0
0
0.4848
-0.2178
0.8471
0.027832
-0.040265
-0.014258
0
0
0.4848
-0.2178
0.8471
0.048118
0.004926
-0.014249
0
0
0.4848
-0.2178
0.8471
0.021641
-0.031753
-0.057284
0
0
0.0580
-0.5544
0.8302
-0.017249
-0.035720
-0.057216
0
0
0.0580
-0.5544
0.8302
-0.021537
-0.045241
-0.063275
0
0
0.0580
-0.5544
0.8302
0.021641
-0.031753
-0.057284
0
0
0.0580
-0.5544
0.8302
-0.021537
-0.045241
-0.063275
0
0
0.0580
-0.5544
0.8302
0.027742
-0.040214
-0.063360
0
0
0.0580
-0.5544
0.8302
-0.023929
0.031315
-0.096121
0
0
-0.0198
0.2108
0.9773
0.014513
0.035237
-0.096187
0
0
-0.0198
0.2108
0.9773
0.018384
0.043869
-0.097971
0
0
-0.0198
0.2108
0.9773
-0.023929
0.031315
-0.096121
0
0
-0.0198
0.2108
0.9773
0.018384
0.043869
-0.097971
0
0
-0.0198
0.2108
0.9773
-0.029469
0.038987
-0.097888
0
0
-0.0198
0.2108
0.9773
-0.016516
-0.033800
-0.112925
0
0
0.0178
-0.1916
-0.9813
0.020344
-0.030040
-0.112989
0
0
0.0178
-0.1916
-0.9813
0.026463
-0.038514
-0.111224
0
0
0.0178
-0.1916
-0.9813
-0.016516
-0.033800
-0.112925
0
0
0.0178
-0.1916
-0.9813
0.026463
-0.038514
-0.111224
0
0
0.0178
-0.1916
-0.9813
-0.020792
-0.043335
-0.111142
0
0
0.0178
-0.1916
-0.9813
0.014769
0.035607
-0.057201
0
0
0.4527
0.3248
0.8304
0.037650
0.003911
-0.057276
0
0
0.4527
0.3248
0.8304
0.048028
0.004977
-0.063351
0
0
0.4527
0.3248
0.8304
0.014769
0.035607
-0.057201
0
0
0.4527
0.3248
0.8304
0.048028
0.004977
-0.063351
0
0
0.4527
0.3248
0.8304
0.019035
0.045141
-0.063256
0
0
0.4527
0.3248
0.8304
-0.017226
-0.035733
-0.044440
0
0
0.0445
-0.4517
-0.8911
0.021664
-0.031766
-0.044508
0
0
0.0445
-0.4517
-0.8911
0.027785
-0.040238
-0.039907
0
0
0.0445
-0.4517
-0.8911
-0.017226
-0.035733
-0.044440
0
0
0.0445
-0.4517
-0.8911
0.027785
-0.040238
-0.039907
0
0
0.0445
-0.4517
-0.8911
-0.021494
-0.045265
-0.039822
0
0
0.0445
-0.4517
-0.8911
0.037674
0.003898
-0.044500
0
0
0.3673
0.2672
-0.8909
0.014793
0.035594
-0.044425
0
0
0.3673
0.2672
-0.8909
0.019078
0.045117
-0.039802
0
0
0.3673
0.2672
-0.8909
0.037674
0.003898
-0.044500
0
0
0.3673
0.2672
-0.8909
0.019078
0.045117
-0.039802
0
0
0.3673
0.2672
-0.8909
0.048071
0.004953
-0.039897
0
0
0.3673
0.2672
-0.8909
-0.017136
-0.035268
-0.096202
0
0
-0.1709
-0.1257
0.9772
-0.039754
-0.003937
-0.096128
0
0
-0.1709
-0.1257
0.9772
-0.049168
-0.004896
-0.097898
0
0
-0.1709
-0.1257
0.9772
-0.017136
-0.035268
-0.096202
0
0
-0.1709
-0.1257
0.9772
-0.049168
-0.004896
-0.097898
0
0
-0.1709
-0.1257
0.9772
-0.021014
-0.043896
-0.097990
0
0
-0.1709
-0.1257
0.9772
-0.017249
-0.035720
-0.057216
0
0
-0.4496
-0.3266
0.8314
-0.040130
-0.004024
-0.057141
0
0
-0.4496
-0.3266
0.8314
-0.050531
-0.005077
-0.063180
0
0
-0.4496
-0.3266
0.8314
-0.017249
-0.035720
-0.057216
0
0
-0.4496
-0.3266
0.8314
-0.050531
-0.005077
-0.063180
0
0
-0.4496
-0.3266
0.8314
-0.021537
-0.045241
-0.063275
0
0
-0.4496
-0.3266
0.8314
0.014859
0.035557
-0.008508
0
0
0.4310
0.3092
0.8477
0.037740
0.003861
-0.008583
0
0
0.4310
0.3092
0.8477
0.048118
0.004926
-0.014249
0
0
0.4310
0.3092
0.8477
0.014859
0.035557
-0.008508
0
0
0.4310
0.3092
0.8477
0.048118
0.004926
-0.014249
0
0
0.4310
0.3092
0.8477
0.019125
0.045090
-0.014154
0
0
0.4310
0.3092
0.8477
-0.023029
0.030043
-0.112847
0
0
-0.1015
0.9948
-0.0037
0.013831
0.033804
-0.112911
0
0
-0.1015
0.9948
-0.0037
0.013643
0.033617
-0.158362
0
0
-0.1015
0.9948
-0.0037
-0.023029
0.030043
-0.112847
0
0
-0.1015
0.9948
-0.0037
0.013643
0.033617
-0.158362
0
0
-0.1015
0.9948
-0.0037
-0.022962
0.029883
-0.158299
0
0
-0.1015
0.9948
-0.0037
0.035518
0.003762
-0.112982
0
0
0.9123
-0.4095
-0.0070
0.020344
-0.030040
-0.112989
0
0
0.9123
-0.4095
-0.0070
0.020111
-0.029785
-0.158440
0
0
0.9123
-0.4095
-0.0070
0.035518
0.003762
-0.112982
0
0
0.9123
-0.4095
-0.0070
0.020111
-0.029785
-0.158440
0
0
0.9123
-0.4095
-0.0070
0.035179
0.003783
-0.158433
0
0
0.9123
-0.4095
-0.0070
-0.016516
-0.033800
-0.112925
0
0
-0.8108
-0.5853
-0.0040
-0.038203
-0.003759
-0.112854
0
0
-0.8108
-0.5853
-0.0040
-0.038031
-0.003685
-0.158306
0
0
-0.8108
-0.5853
-0.0040
-0.016516
-0.033800
-0.112925
0
0
-0.8108
-0.5853
-0.0040
-0.038031
-0.003685
-0.158306
0
0
-0.8108
-0.5853
-0.0040
-0.016494
-0.033519
-0.158377
0
0
-0.8108
-0.5853
-0.0040
0.013831
0.033804
-0.112911
0
0
0.8108
0.5853
-0.0058
0.035518
0.003762
-0.112982
0
0
0.8108
0.5853
-0.0058
0.035179
0.003783
-0.158433
0
0
0.8108
0.5853
-0.0058
0.013831
0.033804
-0.112911
0
0
0.8108
0.5853
-0.0058
0.035179
0.003783
-0.158433
0
0
0.8108
0.5853
-0.0058
0.013643
0.033617
-0.158362
0
0
0.8108
0.5853
-0.0058
-0.038203
-0.003759
-0.112854
0
0
-0.9123
0.4095
-0.0028
-0.023029
0.030043
-0.112847
0
0
-0.9123
0.4095
-0.0028
-0.022962
0.029883
-0.158299
0
0
-0.9123
0.4095
-0.0028
-0.038203
-0.003759
-0.112854
0
0
-0.9123
0.4095
-0.0028
-0.022962
0.029883
-0.158299
0
0
-0.9123
0.4095
-0.0028
-0.038031
-0.003685
-0.158306
0
0
-0.9123
0.4095
-0.0028
0.020111
-0.029785
-0.158440
0
0
-0.0018
0.0010
-1.0000
-0.016494
-0.033519
-0.158377
0
0
-0.0018
0.0010
-1.0000
0.013643
0.033617
-0.158362
0
0
-0.0018
0.0010
-1.0000
0.020111
-0.029785
-0.158440
0
0
-0.0018
0.0010
-1.0000
0.013643
0.033617
-0.158362
0
0
-0.0018
0.0010
-1.0000
0.035179
0.003783
-0.158433
0
0
-0.0018
0.0010
-1.0000
-0.016494
-0.033519
-0.158377
0
0
-0.0018
0.0010
-1.0000
-0.038031
-0.003685
-0.158306
0
0
-0.0018
0.0010
-1.0000
-0.022962
0.029883
-0.158299
0
0
-0.0018
0.0010
-1.0000
-0.016494
-0.033519
-0.158377
0
0
-0.0018
0.0010
-1.0000
-0.022962
0.029883
-0.158299
0
0
-0.0018
0.0010
-1.0000
0.013643
0.033617
-0.158362
0
0
-0.0018
0.0010
-1.0000
0.022589
-0.032290
0.459041
0
0
0.6464
-0.2903
0.7056
0.038598
0.003374
0.459049
0
0
0.6464
-0.2903
0.7056
0.022979
0.001764
0.472695
0
0
0.6464
-0.2903
0.7056
0.022589
-0.032290
0.459041
0
0
0.6464
-0.2903
0.7056
0.022979
0.001764
0.472695
0
0
0.6464
-0.2903
0.7056
0.013410
-0.019554
0.472690
0
0
0.6464
-0.2903
0.7056
-0.016301
-0.036257
0.459109
0
0
0.0731
-0.7042
0.7062
0.022589
-0.032290
0.459041
0
0
0.0731
-0.7042
0.7062
0.013410
-0.019554
0.472690
0
0
0.0731
-0.7042
0.7062
-0.016301
-0.036257
0.459109
0
0
0.0731
-0.7042
0.7062
0.013410
-0.019554
0.472690
0
0
0.0731
-0.7042
0.7062
-0.009836
-0.021925
0.472730
0
0
0.0731
-0.7042
0.7062
-0.039182
-0.004561
0.459184
0
0
-0.5720
-0.4146
0.7077
-0.016301
-0.036257
0.459109
0
0
-0.5720
-0.4146
0.7077
-0.009836
-0.021925
0.472730
0
0
-0.5720
-0.4146
0.7077
-0.039182
-0.004561
0.459184
0
0
-0.5720
-0.4146
0.7077
-0.009836
-0.021925
0.472730
0
0
-0.5720
-0.4146
0.7077
-0.023513
-0.002979
0.472775
0
0
-0.5720
-0.4146
0.7077
-0.023173
0.031103
0.459192
0
0
-0.6438
0.2888
0.7086
-0.039182
-0.004561
0.459184
0
0
-0.6438
0.2888
0.7086
-0.023513
-0.002979
0.472775
0
0
-0.6438
0.2888
0.7086
-0.023173
0.031103
0.459192
0
0
-0.6438
0.2888
0.7086
-0.023513
-0.002979
0.472775
0
0
-0.6438
0.2888
0.7086
-0.013944
0.018338
0.472780
0
0
-0.6438
0.2888
0.7086
0.015717
0.035070
0.459124
0
0
-0.0705
0.7027
0.7080
-0.023173
0.031103
0.459192
0
0
-0.0705
0.7027
0.7080
-0.013944
0.018338
0.472780
0
0
-0.0705
0.7027
0.7080
0.015717
0.035070
0.459124
0
0
-0.0705
0.7027
0.7080
-0.013944
0.018338
0.472780
0
0
-0.0705
0.7027
0.7080
0.009302
0.020710
0.472739
0
0
-0.0705
0.7027
0.7080
0.038598
0.003374
0.459049
0
0
0.5746
0.4131
0.7065
0.015717
0.035070
0.459124
0
0
0.5746
0.4131
0.7065
0.009302
0.020710
0.472739
0
0
0.5746
0.4131
0.7065
0.038598
0.003374
0.459049
0
0
0.5746
0.4131
0.7065
0.009302
0.020710
0.472739
0
0
0.5746
0.4131
0.7065
0.022979
0.001764
0.472695
0
0
0.5746
0.4131
0.7065
0.013410
-0.019554
0.472690
0
0
0.0018
-0.0010
1.0000
0.022979
0.001764
0.472695
0
0
0.0018
-0.0010
1.0000
0.009302
0.020710
0.472739
0
0
0.0018
-0.0010
1.0000
0.013410
-0.019554
0.472690
0
0
0.0018
-0.0010
1.0000
0.009302
0.020710
0.472739
0
0
0.0018
-0.0010
1.0000
-0.013944
0.018338
0.472780
0
0
0.0018
-0.0010
1.0000
0.013410
-0.019554
0.472690
0
0
0.0018
-0.0010
1.0000
-0.013944
0.018338
0.472780
0
0
0.0018
-0.0010
1.0000
-0.023513
-0.002979
0.472775
0
0
0.0018
-0.0010
1.0000
0.013410
-0.019554
0.472690
0
0
0.0018
-0.0010
1.0000
-0.023513
-0.002979
0.472775
0
0
0.0018
-0.0010
1.0000
-0.009836
-0.021925
0.472730
0
0
0.0018
-0.0010
1.0000
0.096436
-0.013948
0.262969
0
0
-0.0018
0.0010
-1.0000
0.091698
0.032494
0.263026
0
0
-0.0018
0.0010
-1.0000
0.141660
0.037591
0.262939
0
0
-0.0018
0.0010
-1.0000
0.096436
-0.013948
0.262969
0
0
-0.0018
0.0010
-1.0000
0.141660
0.037591
0.262939
0
0
-0.0018
0.0010
-1.0000
0.146398
-0.008851
0.262882
0
0
-0.0018
0.0010
-1.0000
0.091921
0.032368
0.384579
0
0
0.0018
-0.0010
1.0000
0.096659
-0.014074
0.384522
0
0
0.0018
-0.0010
1.0000
0.146621
-0.008977
0.384435
0
0
0.0018
-0.0010
1.0000
0.091921
0.032368
0.384579
0
0
0.0018
-0.0010
1.0000
0.146621
-0.008977
0.384435
0
0
0.0018
-0.0010
1.0000
0.141884
0.037465
0.384492
0
0
0.0018
-0.0010
1.0000
0.096659
-0.014074
0.384522
0
0
0.1015
-0.9948
-0.0012
0.096436
-0.013948
0.262969
0
0
0.1015
-0.9948
-0.0012
0.146398
-0.008851
0.262882
0
0
0.1015
-0.9948
-0.0012
0.096659
-0.014074
0.384522
0
0
0.1015
-0.9948
-0.0012
0.146398
-0.008851
0.262882
0
0
0.1015
-0.9948
-0.0012
0.146621
-0.008977
0.384435
0
0
0.1015
-0.9948
-0.0012
0.146621
-0.008977
0.384435
0
0
0.9948
0.1015
-0.0017
0.146398
-0.008851
0.262882
0
0
0.9948
0.1015
-0.0017
0.141660
0.037591
0.262939
0
0
0.9948
0.1015
-0.0017
0.146621
-0.008977
0.384435
0
0
0.9948
0.1015
-0.0017
0.141660
0.037591
0.262939
0
0
0.9948
0.1015
-0.0017
0.141884
0.037465
0.384492
0
0
0.9948
0.1015
-0.0017
-0.145536
0.021136
-0.271714
0
0
-0.1015
0.9948
0.0012
-0.132605
0.022361
-0.194542
0
0
-0.1015
0.9948
0.0012
-0.096282
0.026093
-0.216424
0
0
-0.1015
0.9948
0.0012
-0.145536
0.021136
-0.271714
0
0
-0.1015
0.9948
0.0012
-0.096282
0.026093
-0.216424
0
0
-0.1015
0.9948
0.0012
-0.105558
0.025215
-0.271783
0
0
-0.1015
0.9948
0.0012
-0.004322
0.035692
-0.393648
0
0
-0.1015
0.9948
0.0012
-0.048029
0.031233
-0.393572
0
0
-0.1015
0.9948
0.0012
-0.049373
0.031054
-0.359174
0
0
-0.1015
0.9948
0.0012
-0.004322
0.035692
-0.393648
0
0
-0.1015
0.9948
0.0012
-0.049373
0.031054
-0.359174
0
0
-0.1015
0.9948
0.0012
-0.004237
0.035644
-0.347225
0
0
-0.1015
0.9948
0.0012
0.124691
0.048609
-0.194987
0
0
-0.1015
0.9948
0.0012
0.137338
0.049994
-0.272204
0
0
-0.1015
0.9948
0.0012
0.097360
0.045916
-0.272135
0
0
-0.1015
0.9948
0.0012
0.124691
0.048609
-0.194987
0
0
-0.1015
0.9948
0.0012
0.097360
0.045916
-0.272135
0
0
-0.1015
0.9948
0.0012
0.088288
0.044922
-0.216744
0
0
-0.1015
0.9948
0.0012
-0.132605
0.022361
-0.194542
0
0
-0.1015
0.9948
0.0012
-0.047582
0.030980
-0.150195
0
0
-0.1015
0.9948
0.0012
-0.049053
0.030872
-0.184588
0
0
-0.1015
0.9948
0.0012
-0.132605
0.022361
-0.194542
0
0
-0.1015
0.9948
0.0012
-0.049053
0.030872
-0.184588
0
0
-0.1015
0.9948
0.0012
-0.096282
0.026093
-0.216424
0
0
-0.1015
0.9948
0.0012
-0.048029
0.031233
-0.393572
0
0
-0.1015
0.9948
0.0012
-0.132888
0.022521
-0.348931
0
0
-0.1015
0.9948
0.0012
-0.096486
0.026208
-0.327174
0
0
-0.1015
0.9948
0.0012
-0.048029
0.031233
-0.393572
0
0
-0.1015
0.9948
0.0012
-0.096486
0.026208
-0.327174
0
0
-0.1015
0.9948
0.0012
-0.049373
0.031054
-0.359174
0
0
-0.1015
0.9948
0.0012
0.137338
0.049994
-0.272204
0
0
-0.1015
0.9948
0.0012
0.124407
0.048770
-0.349376
0
0
-0.1015
0.9948
0.0012
0.088085
0.045038
-0.327494
0
0
-0.1015
0.9948
0.0012
0.137338
0.049994
-0.272204
0
0
-0.1015
0.9948
0.0012
0.088085
0.045038
-0.327494
0
0
-0.1015
0.9948
0.0012
0.097360
0.045916
-0.272135
0
0
-0.1015
0.9948
0.0012
-0.003875
0.035439
-0.150270
0
0
-0.1015
0.9948
0.0012
0.039831
0.039897
-0.150346
0
0
-0.1015
0.9948
0.0012
0.041176
0.040077
-0.184744
0
0
-0.1015
0.9948
0.0012
-0.003875
0.035439
-0.150270
0
0
-0.1015
0.9948
0.0012
0.041176
0.040077
-0.184744
0
0
-0.1015
0.9948
0.0012
-0.003967
0.035491
-0.200394
0
0
-0.1015
0.9948
0.0012
-0.132888
0.022521
-0.348931
0
0
-0.1015
0.9948
0.0012
-0.145536
0.021136
-0.271714
0
0
-0.1015
0.9948
0.0012
-0.105558
0.025215
-0.271783
0
0
-0.1015
0.9948
0.0012
-0.132888
0.022521
-0.348931
0
0
-0.1015
0.9948
0.0012
-0.105558
0.025215
-0.271783
0
0
-0.1015
0.9948
0.0012
-0.096486
0.026208
-0.327174
0
0
-0.1015
0.9948
0.0012
0.124407
0.048770
-0.349376
0
0
-0.1015
0.9948
0.0012
0.039384
0.040151
-0.393723
0
0
-0.1015
0.9948
0.0012
0.040855
0.040259
-0.359330
0
0
-0.1015
0.9948
0.0012
0.124407
0.048770
-0.349376
0
0
-0.1015
0.9948
0.0012
0.040855
0.040259
-0.359330
0
0
-0.1015
0.9948
0.0012
0.088085
0.045038
-0.327494
0
0
-0.1015
0.9948
0.0012
0.039831
0.039897
-0.150346
0
0
-0.1015
0.9948
0.0012
0.124691
0.048609
-0.194987
0
0
-0.1015
0.9948
0.0012
0.088288
0.044922
-0.216744
0
0
-0.1015
0.9948
0.0012
0.039831
0.039897
-0.150346
0
0
-0.1015
0.9948
0.0012
0.088288
0.044922
-0.216744
0
0
-0.1015
0.9948
0.0012
0.041176
0.040077
-0.184744
0
0
-0.1015
0.9948
0.0012
-0.138900
-0.043906
-0.271794
0
0
0.1015
-0.9948
-0.0012
-0.098923
-0.039827
-0.271863
0
0
0.1015
-0.9948
-0.0012
-0.089647
-0.038949
-0.216504
0
0
0.1015
-0.9948
-0.0012
-0.138900
-0.043906
-0.271794
0
0
0.1015
-0.9948
-0.0012
-0.089647
-0.038949
-0.216504
0
0
0.1015
-0.9948
-0.0012
-0.125970
-0.042681
-0.194622
0
0
0.1015
-0.9948
-0.0012
0.002313
-0.029350
-0.393728
0
0
0.1015
-0.9948
-0.0012
0.002398
-0.029398
-0.347305
0
0
0.1015
-0.9948
-0.0012
-0.042738
-0.033988
-0.359254
0
0
0.1015
-0.9948
-0.0012
0.002313
-0.029350
-0.393728
0
0
0.1015
-0.9948
-0.0012
-0.042738
-0.033988
-0.359254
0
0
0.1015
-0.9948
-0.0012
-0.041393
-0.033809
-0.393652
0
0
0.1015
-0.9948
-0.0012
0.131326
-0.016433
-0.195067
0
0
0.1015
-0.9948
-0.0012
0.094923
-0.020120
-0.216824
0
0
0.1015
-0.9948
-0.0012
0.103996
-0.019126
-0.272214
0
0
0.1015
-0.9948
-0.0012
0.131326
-0.016433
-0.195067
0
0
0.1015
-0.9948
-0.0012
0.103996
-0.019126
-0.272214
0
0
0.1015
-0.9948
-0.0012
0.143973
-0.015048
-0.272284
0
0
0.1015
-0.9948
-0.0012
-0.125970
-0.042681
-0.194622
0
0
0.1015
-0.9948
-0.0012
-0.089647
-0.038949
-0.216504
0
0
0.1015
-0.9948
-0.0012
-0.042417
-0.034170
-0.184668
0
0
0.1015
-0.9948
-0.0012
-0.125970
-0.042681
-0.194622
0
0
0.1015
-0.9948
-0.0012
-0.042417
-0.034170
-0.184668
0
0
0.1015
-0.9948
-0.0012
-0.040946
-0.034062
-0.150274
0
0
0.1015
-0.9948
-0.0012
-0.041393
-0.033809
-0.393652
0
0
0.1015
-0.9948
-0.0012
-0.042738
-0.033988
-0.359254
0
0
0.1015
-0.9948
-0.0012
-0.089850
-0.038834
-0.327254
0
0
0.1015
-0.9948
-0.0012
-0.041393
-0.033809
-0.393652
0
0
0.1015
-0.9948
-0.0012
-0.089850
-0.038834
-0.327254
0
0
0.1015
-0.9948
-0.0012
-0.126253
-0.042521
-0.349011
0
0
0.1015
-0.9948
-0.0012
0.143973
-0.015048
-0.272284
0
0
0.1015
-0.9948
-0.0012
0.103996
-0.019126
-0.272214
0
0
0.1015
-0.9948
-0.0012
0.094720
-0.020004
-0.327574
0
0
0.1015
-0.9948
-0.0012
0.143973
-0.015048
-0.272284
0
0
0.1015
-0.9948
-0.0012
0.094720
-0.020004
-0.327574
0
0
0.1015
-0.9948
-0.0012
0.131043
-0.016272
-0.349456
0
0
0.1015
-0.9948
-0.0012
0.002760
-0.029603
-0.150350
0
0
0.1015
-0.9948
-0.0012
0.002668
-0.029551
-0.200474
0
0
0.1015
-0.9948
-0.0012
0.047811
-0.024965
-0.184824
0
0
0.1015
-0.9948
-0.0012
0.002760
-0.029603
-0.150350
0
0
0.1015
-0.9948
-0.0012
0.047811
-0.024965
-0.184824
0
0
0.1015
-0.9948
-0.0012
0.046466
-0.025145
-0.150426
0
0
0.1015
-0.9948
-0.0012
-0.126253
-0.042521
-0.349011
0
0
0.1015
-0.9948
-0.0012
-0.089850
-0.038834
-0.327254
0
0
0.1015
-0.9948
-0.0012
-0.098923
-0.039827
-0.271863
0
0
0.1015
-0.9948
-0.0012
-0.126253
-0.042521
-0.349011
0
0
0.1015
-0.9948
-0.0012
-0.098923
-0.039827
-0.271863
0
0
0.1015
-0.9948
-0.0012
-0.138900
-0.043906
-0.271794
0
0
0.1015
-0.9948
-0.0012
0.131043
-0.016272
-0.349456
0
0
0.1015
-0.9948
-0.0012
0.094720
-0.020004
-0.327574
0
0
0.1015
-0.9948
-0.0012
0.047490
-0.024783
-0.359410
0
0
0.1015
-0.9948
-0.0012
0.131043
-0.016272
-0.349456
0
0
0.1015
-0.9948
-0.0012
0.047490
-0.024783
-0.359410
0
0
0.1015
-0.9948
-0.0012
0.046019
-0.024891
-0.393803
0
0
0.1015
-0.9948
-0.0012
0.046466
-0.025145
-0.150426
0
0
0.1015
-0.9948
-0.0012
0.047811
-0.024965
-0.184824
0
0
0.1015
-0.9948
-0.0012
0.094923
-0.020120
-0.216824
0
0
0.1015
-0.9948
-0.0012
0.046466
-0.025145
-0.150426
0
0
0.1015
-0.9948
-0.0012
0.094923
-0.020120
-0.216824
0
0
0.1015
-0.9948
-0.0012
0.131326
-0.016433
-0.195067
0
0
0.1015
-0.9948
-0.0012
-0.004322
0.035692
-0.393648
0
0
-0.0018
0.0010
-1.0000
0.002313
-0.029350
-0.393728
0
0
-0.0018
0.0010
-1.0000
-0.041393
-0.033809
-0.393652
0
0
-0.0018
0.0010
-1.0000
-0.004322
0.035692
-0.393648
0
0
-0.0018
0.0010
-1.0000
-0.041393
-0.033809
-0.393652
0
0
-0.0018
0.0010
-1.0000
-0.048029
0.031233
-0.393572
0
0
-0.0018
0.0010
-1.0000
-0.003967
0.035491
-0.200394
0
0
-0.3277
-0.0323
-0.9442
0.002668
-0.029551
-0.200474
0
0
-0.3277
-0.0323
-0.9442
-0.042417
-0.034170
-0.184668
0
0
-0.3277
-0.0323
-0.9442
-0.003967
0.035491
-0.200394
0
0
-0.3277
-0.0323
-0.9442
-0.042417
-0.034170
-0.184668
0
0
-0.3277
-0.0323
-0.9442
-0.049053
0.030872
-0.184588
0
0
-0.3277
-0.0323
-0.9442
0.088085
0.045038
-0.327494
0
0
-0.9810
-0.1003
0.1660
0.094720
-0.020004
-0.327574
0
0
-0.9810
-0.1003
0.1660
0.103996
-0.019126
-0.272214
0
0
-0.9810
-0.1003
0.1660
0.088085
0.045038
-0.327494
0
0
-0.9810
-0.1003
0.1660
0.103996
-0.019126
-0.272214
0
0
-0.9810
-0.1003
0.1660
0.097360
0.045916
-0.272135
0
0
-0.9810
-0.1003
0.1660
-0.048029
0.031233
-0.393572
0
0
-0.4614
-0.0460
-0.8860
-0.041393
-0.033809
-0.393652
0
0
-0.4614
-0.0460
-0.8860
-0.126253
-0.042521
-0.349011
0
0
-0.4614
-0.0460
-0.8860
-0.048029
0.031233
-0.393572
0
0
-0.4614
-0.0460
-0.8860
-0.126253
-0.042521
-0.349011
0
0
-0.4614
-0.0460
-0.8860
-0.132888
0.022521
-0.348931
0
0
-0.4614
-0.0460
-0.8860
0.088288
0.044922
-0.216744
0
0
-0.5571
-0.0558
-0.8286
0.094923
-0.020120
-0.216824
0
0
-0.5571
-0.0558
-0.8286
0.047811
-0.024965
-0.184824
0
0
-0.5571
-0.0558
-0.8286
0.088288
0.044922
-0.216744
0
0
-0.5571
-0.0558
-0.8286
0.047811
-0.024965
-0.184824
0
0
-0.5571
-0.0558
-0.8286
0.041176
0.040077
-0.184744
0
0
-0.5571
-0.0558
-0.8286
0.040855
0.040259
-0.359330
0
0
-0.5540
-0.0575
0.8305
0.047490
-0.024783
-0.359410
0
0
-0.5540
-0.0575
0.8305
0.094720
-0.020004
-0.327574
0
0
-0.5540
-0.0575
0.8305
0.040855
0.040259
-0.359330
0
0
-0.5540
-0.0575
0.8305
0.094720
-0.020004
-0.327574
0
0
-0.5540
-0.0575
0.8305
0.088085
0.045038
-0.327494
0
0
-0.5540
-0.0575
0.8305
-0.132888
0.022521
-0.348931
0
0
-0.9816
-0.0999
-0.1626
-0.126253
-0.042521
-0.349011
0
0
-0.9816
-0.0999
-0.1626
-0.138900
-0.043906
-0.271794
0
0
-0.9816
-0.0999
-0.1626
-0.132888
0.022521
-0.348931
0
0
-0.9816
-0.0999
-0.1626
-0.138900
-0.043906
-0.271794
0
0
-0.9816
-0.0999
-0.1626
-0.145536
0.021136
-0.271714
0
0
-0.9816
-0.0999
-0.1626
0.097360
0.045916
-0.272135
0
0
-0.9816
-0.0999
-0.1626
0.103996
-0.019126
-0.272214
0
0
-0.9816
-0.0999
-0.1626
0.094923
-0.020120
-0.216824
0
0
-0.9816
-0.0999
-0.1626
0.097360
0.045916
-0.272135
0
0
-0.9816
-0.0999
-0.1626
0.094923
-0.020120
-0.216824
0
0
-0.9816
-0.0999
-0.1626
0.088288
0.044922
-0.216744
0
0
-0.9816
-0.0999
-0.1626
-0.004237
0.035644
-0.347225
0
0
0.2568
0.0250
0.9661
0.002398
-0.029398
-0.347305
0
0
0.2568
0.0250
0.9661
0.047490
-0.024783
-0.359410
0
0
0.2568
0.0250
0.9661
-0.004237
0.035644
-0.347225
0
0
0.2568
0.0250
0.9661
0.047490
-0.024783
-0.359410
0
0
0.2568
0.0250
0.9661
0.040855
0.040259
-0.359330
0
0
0.2568
0.0250
0.9661
-0.145536
0.021136
-0.271714
0
0
-0.9810
-0.1003
0.1660
-0.138900
-0.043906
-0.271794
0
0
-0.9810
-0.1003
0.1660
-0.125970
-0.042681
-0.194622
0
0
-0.9810
-0.1003
0.1660
-0.145536
0.021136
-0.271714
0
0
-0.9810
-0.1003
0.1660
-0.125970
-0.042681
-0.194622
0
0
-0.9810
-0.1003
0.1660
-0.132605
0.022361
-0.194542
0
0
-0.9810
-0.1003
0.1660
-0.096486
0.026208
-0.327174
0
0
0.5571
0.0558
0.8286
-0.089850
-0.038834
-0.327254
0
0
0.5571
0.0558
0.8286
-0.042738
-0.033988
-0.359254
0
0
0.5571
0.0558
0.8286
-0.096486
0.026208
-0.327174
0
0
0.5571
0.0558
0.8286
-0.042738
-0.033988
-0.359254
0
0
0.5571
0.0558
0.8286
-0.049373
0.031054
-0.359174
0
0
0.5571
0.0558
0.8286
-0.132605
0.022361
-0.194542
0
0
-0.4581
-0.0478
0.8876
-0.125970
-0.042681
-0.194622
0
0
-0.4581
-0.0478
0.8876
-0.040946
-0.034062
-0.150274
0
0
-0.4581
-0.0478
0.8876
-0.132605
0.022361
-0.194542
0
0
-0.4581
-0.0478
0.8876
-0.040946
-0.034062
-0.150274
0
0
-0.4581
-0.0478
0.8876
-0.047582
0.030980
-0.150195
0
0
-0.4581
-0.0478
0.8876
-0.105558
0.025215
-0.271783
0
0
0.9816
0.0999
0.1626
-0.098923
-0.039827
-0.271863
0
0
0.9816
0.0999
0.1626
-0.089850
-0.038834
-0.327254
0
0
0.9816
0.0999
0.1626
-0.105558
0.025215
-0.271783
0
0
0.9816
0.0999
0.1626
-0.089850
-0.038834
-0.327254
0
0
0.9816
0.0999
0.1626
-0.096486
0.026208
-0.327174
0
0
0.9816
0.0999
0.1626
-0.003875
0.035439
-0.150270
0
0
0.0018
-0.0010
1.0000
0.002760
-0.029603
-0.150350
0
0
0.0018
-0.0010
1.0000
0.046466
-0.025145
-0.150426
0
0
0.0018
-0.0010
1.0000
-0.003875
0.035439
-0.150270
0
0
0.0018
-0.0010
1.0000
0.046466
-0.025145
-0.150426
0
0
0.0018
-0.0010
1.0000
0.039831
0.039897
-0.150346
0
0
0.0018
-0.0010
1.0000
0.137338
0.049994
-0.272204
0
0
0.9810
0.1003
-0.1660
0.143973
-0.015048
-0.272284
0
0
0.9810
0.1003
-0.1660
0.131043
-0.016272
-0.349456
0
0
0.9810
0.1003
-0.1660
0.137338
0.049994
-0.272204
0
0
0.9810
0.1003
-0.1660
0.131043
-0.016272
-0.349456
0
0
0.9810
0.1003
-0.1660
0.124407
0.048770
-0.349376
0
0
0.9810
0.1003
-0.1660
-0.096282
0.026093
-0.216424
0
0
0.9810
0.1003
-0.1660
-0.089647
-0.038949
-0.216504
0
0
0.9810
0.1003
-0.1660
-0.098923
-0.039827
-0.271863
0
0
0.9810
0.1003
-0.1660
-0.096282
0.026093
-0.216424
0
0
0.9810
0.1003
-0.1660
-0.098923
-0.039827
-0.271863
0
0
0.9810
0.1003
-0.1660
-0.105558
0.025215
-0.271783
0
0
0.9810
0.1003
-0.1660
0.039831
0.039897
-0.150346
0
0
0.4614
0.0460
0.8860
0.046466
-0.025145
-0.150426
0
0
0.4614
0.0460
0.8860
0.131326
-0.016433
-0.195067
0
0
0.4614
0.0460
0.8860
0.039831
0.039897
-0.150346
0
0
0.4614
0.0460
0.8860
0.131326
-0.016433
-0.195067
0
0
0.4614
0.0460
0.8860
0.124691
0.048609
-0.194987
0
0
0.4614
0.0460
0.8860
0.124407
0.048770
-0.349376
0
0
0.4581
0.0478
-0.8876
0.131043
-0.016272
-0.349456
0
0
0.4581
0.0478
-0.8876
0.046019
-0.024891
-0.393803
0
0
0.4581
0.0478
-0.8876
0.124407
0.048770
-0.349376
0
0
0.4581
0.0478
-0.8876
0.046019
-0.024891
-0.393803
0
0
0.4581
0.0478
-0.8876
0.039384
0.040151
-0.393723
0
0
0.4581
0.0478
-0.8876
-0.049053
0.030872
-0.184588
0
0
0.5540
0.0575
-0.8305
-0.042417
-0.034170
-0.184668
0
0
0.5540
0.0575
-0.8305
-0.089647
-0.038949
-0.216504
0
0
0.5540
0.0575
-0.8305
-0.049053
0.030872
-0.184588
0
0
0.5540
0.0575
-0.8305
-0.089647
-0.038949
-0.216504
0
0
0.5540
0.0575
-0.8305
-0.096282
0.026093
-0.216424
0
0
0.5540
0.0575
-0.8305
0.124691
0.048609
-0.194987
0
0
0.9816
0.0999
0.1626
0.131326
-0.016433
-0.195067
0
0
0.9816
0.0999
0.1626
0.143973
-0.015048
-0.272284
0
0
0.9816
0.0999
0.1626
0.124691
0.048609
-0.194987
0
0
0.9816
0.0999
0.1626
0.143973
-0.015048
-0.272284
0
0
0.9816
0.0999
0.1626
0.137338
0.049994
-0.272204
0
0
0.9816
0.0999
0.1626
-0.047582
0.030980
-0.150195
0
0
0.0018
-0.0010
1.0000
-0.040946
-0.034062
-0.150274
0
0
0.0018
-0.0010
1.0000
0.002760
-0.029603
-0.150350
0
0
0.0018
-0.0010
1.0000
-0.047582
0.030980
-0.150195
0
0
0.0018
-0.0010
1.0000
0.002760
-0.029603
-0.150350
0
0
0.0018
-0.0010
1.0000
-0.003875
0.035439
-0.150270
0
0
0.0018
-0.0010
1.0000
0.041176
0.040077
-0.184744
0
0
0.3243
0.0342
-0.9454
0.047811
-0.024965
-0.184824
0
0
0.3243
0.0342
-0.9454
0.002668
-0.029551
-0.200474
0
0
0.3243
0.0342
-0.9454
0.041176
0.040077
-0.184744
0
0
0.3243
0.0342
-0.9454
0.002668
-0.029551
-0.200474
0
0
0.3243
0.0342
-0.9454
-0.003967
0.035491
-0.200394
0
0
0.3243
0.0342
-0.9454
-0.040946
-0.034062
-0.150274
0
0
0.1015
-0.9948
-0.0012
-0.042417
-0.034170
-0.184668
0
0
0.1015
-0.9948
-0.0012
0.002668
-0.029551
-0.200474
0
0
0.1015
-0.9948
-0.0012
-0.040946
-0.034062
-0.150274
0
0
0.1015
-0.9948
-0.0012
0.002668
-0.029551
-0.200474
0
0
0.1015
-0.9948
-0.0012
0.002760
-0.029603
-0.150350
0
0
0.1015
-0.9948
-0.0012
-0.047582
0.030980
-0.150195
0
0
-0.1015
0.9948
0.0012
-0.003875
0.035439
-0.150270
0
0
-0.1015
0.9948
0.0012
-0.003967
0.035491
-0.200394
0
0
-0.1015
0.9948
0.0012
-0.047582
0.030980
-0.150195
0
0
-0.1015
0.9948
0.0012
-0.003967
0.035491
-0.200394
0
0
-0.1015
0.9948
0.0012
-0.049053
0.030872
-0.184588
0
0
-0.1015
0.9948
0.0012
-0.049373
0.031054
-0.359174
0
0
-0.2533
-0.0270
0.9670
-0.042738
-0.033988
-0.359254
0
0
-0.2533
-0.0270
0.9670
0.002398
-0.029398
-0.347305
0
0
-0.2533
-0.0270
0.9670
-0.049373
0.031054
-0.359174
0
0
-0.2533
-0.0270
0.9670
0.002398
-0.029398
-0.347305
0
0
-0.2533
-0.0270
0.9670
-0.004237
0.035644
-0.347225
0
0
-0.2533
-0.0270
0.9670
0.039384
0.040151
-0.393723
0
0
-0.0018
0.0010
-1.0000
0.046019
-0.024891
-0.393803
0
0
-0.0018
0.0010
-1.0000
0.002313
-0.029350
-0.393728
0
0
-0.0018
0.0010
-1.0000
0.039384
0.040151
-0.393723
0
0
-0.0018
0.0010
-1.0000
0.002313
-0.029350
-0.393728
0
0
-0.0018
0.0010
-1.0000
-0.004322
0.035692
-0.393648
0
0
-0.0018
0.0010
-1.0000
0.046019
-0.024891
-0.393803
0
0
0.1015
-0.9948
-0.0012
0.047490
-0.024783
-0.359410
0
0
0.1015
-0.9948
-0.0012
0.002398
-0.029398
-0.347305
0
0
0.1015
-0.9948
-0.0012
0.046019
-0.024891
-0.393803
0
0
0.1015
-0.9948
-0.0012
0.002398
-0.029398
-0.347305
0
0
0.1015
-0.9948
-0.0012
0.002313
-0.029350
-0.393728
0
0
0.1015
-0.9948
-0.0012
0.039384
0.040151
-0.393723
0
0
-0.1015
0.9948
0.0012
-0.004322
0.035692
-0.393648
0
0
-0.1015
0.9948
0.0012
-0.004237
0.035644
-0.347225
0
0
-0.1015
0.9948
0.0012
0.039384
0.040151
-0.393723
0
0
-0.1015
0.9948
0.0012
-0.004237
0.035644
-0.347225
0
0
-0.1015
0.9948
0.0012
0.040855
0.040259
-0.359330
0
0
-0.1015
0.9948
0.0012
0.018114
0.043334
-0.111123
0
0
-0.1015
0.9941
-0.0383
-0.029142
0.038514
-0.111041
0
0
-0.1015
0.9941
-0.0383
-0.029469
0.038987
-0.097888
0
0
-0.1015
0.9941
-0.0383
0.018114
0.043334
-0.111123
0
0
-0.1015
0.9941
-0.0383
-0.029469
0.038987
-0.097888
0
0
-0.1015
0.9941
-0.0383
0.018384
0.043869
-0.097971
0
0
-0.1015
0.9941
-0.0383
-0.020792
-0.043335
-0.111142
0
0
0.1013
-0.9940
-0.0407
0.026463
-0.038514
-0.111224
0
0
0.1013
-0.9940
-0.0407
0.026839
-0.039014
-0.098073
0
0
0.1013
-0.9940
-0.0407
-0.020792
-0.043335
-0.111142
0
0
0.1013
-0.9940
-0.0407
0.026839
-0.039014
-0.098073
0
0
0.1013
-0.9940
-0.0407
-0.021014
-0.043896
-0.097990
0
0
0.1013
-0.9940
-0.0407
-0.029142
0.038514
-0.111041
0
0
-0.9117
0.4092
-0.0374
-0.048594
-0.004821
-0.111051
0
0
-0.9117
0.4092
-0.0374
-0.049168
-0.004896
-0.097898
0
0
-0.9117
0.4092
-0.0374
-0.029142
0.038514
-0.111041
0
0
-0.9117
0.4092
-0.0374
-0.049168
-0.004896
-0.097898
0
0
-0.9117
0.4092
-0.0374
-0.029469
0.038987
-0.097888
0
0
-0.9117
0.4092
-0.0374
-0.048594
-0.004821
-0.111051
0
0
-0.8102
-0.5848
-0.0386
-0.020792
-0.043335
-0.111142
0
0
-0.8102
-0.5848
-0.0386
-0.021014
-0.043896
-0.097990
0
0
-0.8102
-0.5848
-0.0386
-0.048594
-0.004821
-0.111051
0
0
-0.8102
-0.5848
-0.0386
-0.021014
-0.043896
-0.097990
0
0
-0.8102
-0.5848
-0.0386
-0.049168
-0.004896
-0.097898
0
0
-0.8102
-0.5848
-0.0386
0.026463
-0.038514
-0.111224
0
0
0.9115
-0.4092
-0.0416
0.045916
0.004821
-0.111214
0
0
0.9115
-0.4092
-0.0416
0.046538
0.004868
-0.098063
0
0
0.9115
-0.4092
-0.0416
0.026463
-0.038514
-0.111224
0
0
0.9115
-0.4092
-0.0416
0.046538
0.004868
-0.098063
0
0
0.9115
-0.4092
-0.0416
0.026839
-0.039014
-0.098073
0
0
0.9115
-0.4092
-0.0416
0.045916
0.004821
-0.111214
0
0
0.8101
0.5849
-0.0404
0.018114
0.043334
-0.111123
0
0
0.8101
0.5849
-0.0404
0.018384
0.043869
-0.097971
0
0
0.8101
0.5849
-0.0404
0.045916
0.004821
-0.111214
0
0
0.8101
0.5849
-0.0404
0.018384
0.043869
-0.097971
0
0
0.8101
0.5849
-0.0404
0.046538
0.004868
-0.098063
0
0
0.8101
0.5849
-0.0404
0.020344
-0.030040
-0.112989
0
0
0.1748
-0.0783
-0.9815
0.035518
0.003762
-0.112982
0
0
0.1748
-0.0783
-0.9815
0.045916
0.004821
-0.111214
0
0
0.1748
-0.0783
-0.9815
0.020344
-0.030040
-0.112989
0
0
0.1748
-0.0783
-0.9815
0.045916
0.004821
-0.111214
0
0
0.1748
-0.0783
-0.9815
0.026463
-0.038514
-0.111224
0
0
0.1748
-0.0783
-0.9815
-0.039754
-0.003937
-0.096128
0
0
-0.1925
0.0862
0.9775
-0.023929
0.031315
-0.096121
0
0
-0.1925
0.0862
0.9775
-0.029469
0.038987
-0.097888
0
0
-0.1925
0.0862
0.9775
-0.039754
-0.003937
-0.096128
0
0
-0.1925
0.0862
0.9775
-0.029469
0.038987
-0.097888
0
0
-0.1925
0.0862
0.9775
-0.049168
-0.004896
-0.097898
0
0
-0.1925
0.0862
0.9775
-0.038203
-0.003759
-0.112854
0
0
-0.1588
-0.1123
-0.9809
-0.016516
-0.033800
-0.112925
0
0
-0.1588
-0.1123
-0.9809
-0.020792
-0.043335
-0.111142
0
0
-0.1588
-0.1123
-0.9809
-0.038203
-0.003759
-0.112854
0
0
-0.1588
-0.1123
-0.9809
-0.020792
-0.043335
-0.111142
0
0
-0.1588
-0.1123
-0.9809
-0.048594
-0.004821
-0.111051
0
0
-0.1588
-0.1123
-0.9809
0.014513
0.035237
-0.096187
0
0
0.1745
0.1236
0.9769
0.037130
0.003906
-0.096261
0
0
0.1745
0.1236
0.9769
0.046538
0.004868
-0.098063
0
0
0.1745
0.1236
0.9769
0.014513
0.035237
-0.096187
0
0
0.1745
0.1236
0.9769
0.046538
0.004868
-0.098063
0
0
0.1745
0.1236
0.9769
0.018384
0.043869
-0.097971
0
0
0.1745
0.1236
0.9769
0.037130
0.003906
-0.096261
0
0
0.1961
-0.0882
0.9766
0.021305
-0.031346
-0.096269
0
0
0.1961
-0.0882
0.9766
0.026839
-0.039014
-0.098073
0
0
0.1961
-0.0882
0.9766
0.037130
0.003906
-0.096261
0
0
0.1961
-0.0882
0.9766
0.026839
-0.039014
-0.098073
0
0
0.1961
-0.0882
0.9766
0.046538
0.004868
-0.098063
0
0
0.1961
-0.0882
0.9766
0.013831
0.033804
-0.112911
0
0
-0.0214
0.1936
-0.9808
-0.023029
0.030043
-0.112847
0
0
-0.0214
0.1936
-0.9808
-0.029142
0.038514
-0.111041
0
0
-0.0214
0.1936
-0.9808
0.013831
0.033804
-0.112911
0
0
-0.0214
0.1936
-0.9808
-0.029142
0.038514
-0.111041
0
0
-0.0214
0.1936
-0.9808
0.018114
0.043334
-0.111123
0
0
-0.0214
0.1936
-0.9808
