12288
0.015052
-0.023588
0.234566
0
0
-0.0008
0.0011
-1.0000
0.015017
0.023094
0.234617
0
0
-0.0008
0.0011
-1.0000
0.094231
0.023155
0.234557
0
0
-0.0008
0.0011
-1.0000
0.015052
-0.023588
0.234566
0
0
-0.0008
0.0011
-1.0000
0.094231
0.023155
0.234557
0
0
-0.0008
0.0011
-1.0000
0.094266
-0.023528
0.234505
0
0
-0.0008
0.0011
-1.0000
0.094381
-0.023693
0.384615
0
0
1.0000
0.0008
-0.0008
0.094345
0.022989
0.384667
0
0
1.0000
0.0008
-0.0008
0.094367
0.022958
0.413223
0
0
1.0000
0.0008
-0.0008
0.094381
-0.023693
0.384615
0
0
1.0000
0.0008
-0.0008
0.094367
0.022958
0.413223
0
0
1.0000
0.0008
-0.0008
0.094403
-0.023725
0.413172
0
0
1.0000
0.0008
-0.0008
0.094403
-0.023725
0.413172
0
0
0.0008
-0.0011
1.0000
0.094367
0.022958
0.413223
0
0
0.0008
-0.0011
1.0000
0.015153
0.022898
0.413284
0
0
0.0008
-0.0011
1.0000
0.094403
-0.023725
0.413172
0
0
0.0008
-0.0011
1.0000
0.015153
0.022898
0.413284
0
0
0.0008
-0.0011
1.0000
0.015189
-0.023785
0.413232
0
0
0.0008
-0.0011
1.0000
0.015074
-0.023620
0.263122
0
0
-1.0000
-0.0008
0.0008
0.015039
0.023063
0.263174
0
0
-1.0000
-0.0008
0.0008
0.015017
0.023094
0.234617
0
0
-1.0000
-0.0008
0.0008
0.015074
-0.023620
0.263122
0
0
-1.0000
-0.0008
0.0008
0.015017
0.023094
0.234617
0
0
-1.0000
-0.0008
0.0008
0.015052
-0.023588
0.234566
0
0
-1.0000
-0.0008
0.0008
0.094381
-0.023693
0.384615
0
0
0.0008
-1.0000
-0.0011
0.094403
-0.023725
0.413172
0
0
0.0008
-1.0000
-0.0011
0.015189
-0.023785
0.413232
0
0
0.0008
-1.0000
-0.0011
0.094381
-0.023693
0.384615
0
0
0.0008
-1.0000
-0.0011
0.015189
-0.023785
0.413232
0
0
0.0008
-1.0000
-0.0011
0.015167
-0.023754
0.384676
0
0
0.0008
-1.0000
-0.0011
0.094252
0.023123
0.263113
0
0
-0.0008
1.0000
0.0011
0.094231
0.023155
0.234557
0
0
-0.0008
1.0000
0.0011
0.015017
0.023094
0.234617
0
0
-0.0008
1.0000
0.0011
0.094252
0.023123
0.263113
0
0
-0.0008
1.0000
0.0011
0.015017
0.023094
0.234617
0
0
-0.0008
1.0000
0.0011
0.015039
0.023063
0.263174
0
0
-0.0008
1.0000
0.0011
0.094345
0.022989
0.384667
0
0
-0.0008
1.0000
0.0011
0.094310
0.023041
0.338203
0
0
-0.0008
1.0000
0.0011
0.015096
0.022980
0.338264
0
0
-0.0008
1.0000
0.0011
0.094345
0.022989
0.384667
0
0
-0.0008
1.0000
0.0011
0.015096
0.022980
0.338264
0
0
-0.0008
1.0000
0.0011
0.015131
0.022929
0.384727
0
0
-0.0008
1.0000
0.0011
0.094310
0.023041
0.338203
0
0
-0.0008
1.0000
0.0011
0.094288
0.023072
0.309577
0
0
-0.0008
1.0000
0.0011
0.015074
0.023012
0.309637
0
0
-0.0008
1.0000
0.0011
0.094310
0.023041
0.338203
0
0
-0.0008
1.0000
0.0011
0.015074
0.023012
0.309637
0
0
-0.0008
1.0000
0.0011
0.015096
0.022980
0.338264
0
0
-0.0008
1.0000
0.0011
0.094288
-0.023560
0.263062
0
0
0.0008
-1.0000
-0.0011
0.094323
-0.023611
0.309525
0
0
0.0008
-1.0000
-0.0011
0.015109
-0.023671
0.309586
0
0
0.0008
-1.0000
-0.0011
0.094288
-0.023560
0.263062
0
0
0.0008
-1.0000
-0.0011
0.015109
-0.023671
0.309586
0
0
0.0008
-1.0000
-0.0011
0.015074
-0.023620
0.263122
0
0
0.0008
-1.0000
-0.0011
0.094323
-0.023611
0.309525
0
0
0.0008
-1.0000
-0.0011
0.094345
-0.023642
0.338152
0
0
0.0008
-1.0000
-0.0011
0.015131
-0.023702
0.338212
0
0
0.0008
-1.0000
-0.0011
0.094323
-0.023611
0.309525
0
0
0.0008
-1.0000
-0.0011
0.015131
-0.023702
0.338212
0
0
0.0008
-1.0000
-0.0011
0.015109
-0.023671
0.309586
0
0
0.0008
-1.0000
-0.0011
0.015167
-0.023754
0.384676
0
0
-1.0000
-0.0008
0.0008
0.015131
0.022929
0.384727
0
0
-1.0000
-0.0008
0.0008
0.015096
0.022980
0.338264
0
0
-1.0000
-0.0008
0.0008
0.015167
-0.023754
0.384676
0
0
-1.0000
-0.0008
0.0008
0.015096
0.022980
0.338264
0
0
-1.0000
-0.0008
0.0008
0.015131
-0.023702
0.338212
0
0
-1.0000
-0.0008
0.0008
0.015131
-0.023702
0.338212
0
0
-1.0000
-0.0008
0.0008
0.015096
0.022980
0.338264
0
0
-1.0000
-0.0008
0.0008
0.015074
0.023012
0.309637
0
0
-1.0000
-0.0008
0.0008
0.015131
-0.023702
0.338212
0
0
-1.0000
-0.0008
0.0008
0.015074
0.023012
0.309637
0
0
-1.0000
-0.0008
0.0008
0.015109
-0.023671
0.309586
0
0
-1.0000
-0.0008
0.0008
0.094288
0.023072
0.309577
0
0
0.0008
-0.0011
1.0000
0.094323
-0.023611
0.309525
0
0
0.0008
-0.0011
1.0000
0.179461
-0.023546
0.309460
0
0
0.0008
-0.0011
1.0000
0.094288
0.023072
0.309577
0
0
0.0008
-0.0011
1.0000
0.179461
-0.023546
0.309460
0
0
0.0008
-0.0011
1.0000
0.179426
0.023137
0.309512
0
0
0.0008
-0.0011
1.0000
0.094323
-0.023611
0.309525
0
0
1.0000
0.0008
-0.0008
0.094288
0.023072
0.309577
0
0
1.0000
0.0008
-0.0008
0.094310
0.023041
0.338203
0
0
1.0000
0.0008
-0.0008
0.094323
-0.023611
0.309525
0
0
1.0000
0.0008
-0.0008
0.094310
0.023041
0.338203
0
0
1.0000
0.0008
-0.0008
0.094345
-0.023642
0.338152
0
0
1.0000
0.0008
-0.0008
0.094266
-0.023528
0.234505
0
0
1.0000
0.0008
-0.0008
0.094231
0.023155
0.234557
0
0
1.0000
0.0008
-0.0008
0.094252
0.023123
0.263113
0
0
1.0000
0.0008
-0.0008
0.094266
-0.023528
0.234505
0
0
1.0000
0.0008
-0.0008
0.094252
0.023123
0.263113
0
0
1.0000
0.0008
-0.0008
0.094288
-0.023560
0.263062
0
0
1.0000
0.0008
-0.0008
0.094266
-0.023528
0.234505
0
0
0.0008
-1.0000
-0.0011
0.094288
-0.023560
0.263062
0
0
0.0008
-1.0000
-0.0011
0.015074
-0.023620
0.263122
0
0
0.0008
-1.0000
-0.0011
0.094266
-0.023528
0.234505
0
0
0.0008
-1.0000
-0.0011
0.015074
-0.023620
0.263122
0
0
0.0008
-1.0000
-0.0011
0.015052
-0.023588
0.234566
0
0
0.0008
-1.0000
-0.0011
0.094288
0.023072
0.309577
0
0
-0.0008
1.0000
0.0011
0.094252
0.023123
0.263113
0
0
-0.0008
1.0000
0.0011
0.015039
0.023063
0.263174
0
0
-0.0008
1.0000
0.0011
0.094288
0.023072
0.309577
0
0
-0.0008
1.0000
0.0011
0.015039
0.023063
0.263174
0
0
-0.0008
1.0000
0.0011
0.015074
0.023012
0.309637
0
0
-0.0008
1.0000
0.0011
0.015109
-0.023671
0.309586
0
0
-1.0000
-0.0008
0.0008
0.015074
0.023012
0.309637
0
0
-1.0000
-0.0008
0.0008
0.015039
0.023063
0.263174
0
0
-1.0000
-0.0008
0.0008
0.015109
-0.023671
0.309586
0
0
-1.0000
-0.0008
0.0008
0.015039
0.023063
0.263174
0
0
-1.0000
-0.0008
0.0008
0.015074
-0.023620
0.263122
0
0
-1.0000
-0.0008
0.0008
0.015189
-0.023785
0.413232
0
0
-1.0000
-0.0008
0.0008
0.015153
0.022898
0.413284
0
0
-1.0000
-0.0008
0.0008
0.015131
0.022929
0.384727
0
0
-1.0000
-0.0008
0.0008
0.015189
-0.023785
0.413232
0
0
-1.0000
-0.0008
0.0008
0.015131
0.022929
0.384727
0
0
-1.0000
-0.0008
0.0008
0.015167
-0.023754
0.384676
0
0
-1.0000
-0.0008
0.0008
0.094367
0.022958
0.413223
0
0
-0.0008
1.0000
0.0011
0.094345
0.022989
0.384667
0
0
-0.0008
1.0000
0.0011
0.015131
0.022929
0.384727
0
0
-0.0008
1.0000
0.0011
0.094367
0.022958
0.413223
0
0
-0.0008
1.0000
0.0011
0.015131
0.022929
0.384727
0
0
-0.0008
1.0000
0.0011
0.015153
0.022898
0.413284
0
0
-0.0008
1.0000
0.0011
0.094345
-0.023642
0.338152
0
0
0.0008
-1.0000
-0.0011
0.094381
-0.023693
0.384615
0
0
0.0008
-1.0000
-0.0011
0.015167
-0.023754
0.384676
0
0
0.0008
-1.0000
-0.0011
0.094345
-0.023642
0.338152
0
0
0.0008
-1.0000
-0.0011
0.015167
-0.023754
0.384676
0
0
0.0008
-1.0000
-0.0011
0.015131
-0.023702
0.338212
0
0
0.0008
-1.0000
-0.0011
0.094323
-0.023611
0.309525
0
0
0.0008
-1.0000
-0.0011
0.094288
-0.023560
0.263062
0
0
0.0008
-1.0000
-0.0011
0.179426
-0.023495
0.262997
0
0
0.0008
-1.0000
-0.0011
0.094323
-0.023611
0.309525
0
0
0.0008
-1.0000
-0.0011
0.179426
-0.023495
0.262997
0
0
0.0008
-1.0000
-0.0011
0.179461
-0.023546
0.309460
0
0
0.0008
-1.0000
-0.0011
0.094345
-0.023642
0.338152
0
0
-0.0008
0.0011
-1.0000
0.094310
0.023041
0.338203
0
0
-0.0008
0.0011
-1.0000
0.179448
0.023105
0.338139
0
0
-0.0008
0.0011
-1.0000
0.094345
-0.023642
0.338152
0
0
-0.0008
0.0011
-1.0000
0.179448
0.023105
0.338139
0
0
-0.0008
0.0011
-1.0000
0.179483
-0.023578
0.338087
0
0
-0.0008
0.0011
-1.0000
0.094310
0.023041
0.338203
0
0
-0.0008
1.0000
0.0011
0.094345
0.022989
0.384667
0
0
-0.0008
1.0000
0.0011
0.179483
0.023054
0.384602
0
0
-0.0008
1.0000
0.0011
0.094310
0.023041
0.338203
0
0
-0.0008
1.0000
0.0011
0.179483
0.023054
0.384602
0
0
-0.0008
1.0000
0.0011
0.179448
0.023105
0.338139
0
0
-0.0008
1.0000
0.0011
0.094252
0.023123
0.263113
0
0
-0.0008
1.0000
0.0011
0.094288
0.023072
0.309577
0
0
-0.0008
1.0000
0.0011
0.179426
0.023137
0.309512
0
0
-0.0008
1.0000
0.0011
0.094252
0.023123
0.263113
0
0
-0.0008
1.0000
0.0011
0.179426
0.023137
0.309512
0
0
-0.0008
1.0000
0.0011
0.179391
0.023188
0.263049
0
0
-0.0008
1.0000
0.0011
0.094381
-0.023693
0.384615
0
0
0.0008
-1.0000
-0.0011
0.094345
-0.023642
0.338152
0
0
0.0008
-1.0000
-0.0011
0.179483
-0.023578
0.338087
0
0
0.0008
-1.0000
-0.0011
0.094381
-0.023693
0.384615
0
0
0.0008
-1.0000
-0.0011
0.179483
-0.023578
0.338087
0
0
0.0008
-1.0000
-0.0011
0.179519
-0.023629
0.384550
0
0
0.0008
-1.0000
-0.0011
0.094345
0.022989
0.384667
0
0
0.0008
-0.0011
1.0000
0.094381
-0.023693
0.384615
0
0
0.0008
-0.0011
1.0000
0.179519
-0.023629
0.384550
0
0
0.0008
-0.0011
1.0000
0.094345
0.022989
0.384667
0
0
0.0008
-0.0011
1.0000
0.179519
-0.023629
0.384550
0
0
0.0008
-0.0011
1.0000
0.179483
0.023054
0.384602
0
0
0.0008
-0.0011
1.0000
0.094288
-0.023560
0.263062
0
0
-0.0008
0.0011
-1.0000
0.094252
0.023123
0.263113
0
0
-0.0008
0.0011
-1.0000
0.179391
0.023188
0.263049
0
0
-0.0008
0.0011
-1.0000
0.094288
-0.023560
0.263062
0
0
-0.0008
0.0011
-1.0000
0.179391
0.023188
0.263049
0
0
-0.0008
0.0011
-1.0000
0.179426
-0.023495
0.262997
0
0
-0.0008
0.0011
-1.0000
-0.003187
-0.030251
-0.488291
0
0
-0.3983
-0.9081
0.1290
-0.021852
-0.018410
-0.462559
0
0
-0.3983
-0.9081
0.1290
-0.033422
-0.018380
-0.498073
0
0
-0.3983
-0.9081
0.1290
-0.021852
-0.018410
-0.462559
0
0
0.0010
-0.9082
0.4186
-0.003187
-0.030251
-0.488291
0
0
0.0010
-0.9082
0.4186
0.015499
-0.018382
-0.462587
0
0
0.0010
-0.9082
0.4186
-0.003187
-0.030251
-0.488291
0
0
-0.2462
-0.9075
-0.3403
-0.033422
-0.018380
-0.498073
0
0
-0.2462
-0.9075
-0.3403
-0.003221
-0.018333
-0.520051
0
0
-0.2462
-0.9075
-0.3403
-0.003187
-0.030251
-0.488291
0
0
0.2471
-0.9071
-0.3407
-0.003221
-0.018333
-0.520051
0
0
0.2471
-0.9071
-0.3407
0.027014
-0.018334
-0.498119
0
0
0.2471
-0.9071
-0.3407
-0.003187
-0.030251
-0.488291
0
0
0.3999
-0.9075
0.1284
0.027014
-0.018334
-0.498119
0
0
0.3999
-0.9075
0.1284
0.015499
-0.018382
-0.462587
0
0
0.3999
-0.9075
0.1284
-0.021852
-0.018410
-0.462559
0
0
0.0009
-0.1596
0.9872
0.015499
-0.018382
-0.462587
0
0
0.0009
-0.1596
0.9872
-0.003201
0.019403
-0.456463
0
0
0.0009
-0.1596
0.9872
-0.033422
-0.018380
-0.498073
0
0
-0.9387
-0.1595
0.3057
-0.021852
-0.018410
-0.462559
0
0
-0.9387
-0.1595
0.3057
-0.033435
0.019404
-0.478395
0
0
-0.9387
-0.1595
0.3057
-0.003221
-0.018333
-0.520051
0
0
-0.5809
-0.1580
-0.7985
-0.033422
-0.018380
-0.498073
0
0
-0.5809
-0.1580
-0.7985
-0.021920
0.019452
-0.513927
0
0
-0.5809
-0.1580
-0.7985
0.027014
-0.018334
-0.498119
0
0
0.5799
-0.1572
-0.7994
-0.003221
-0.018333
-0.520051
0
0
0.5799
-0.1572
-0.7994
0.015431
0.019481
-0.513955
0
0
0.5799
-0.1572
-0.7994
0.015499
-0.018382
-0.462587
0
0
0.9394
-0.1581
0.3042
0.027014
-0.018334
-0.498119
0
0
0.9394
-0.1581
0.3042
0.027000
0.019450
-0.478441
0
0
0.9394
-0.1581
0.3042
-0.021852
-0.018410
-0.462559
0
0
-0.5799
0.1572
0.7994
-0.003201
0.019403
-0.456463
0
0
-0.5799
0.1572
0.7994
-0.033435
0.019404
-0.478395
0
0
-0.5799
0.1572
0.7994
-0.033422
-0.018380
-0.498073
0
0
-0.9394
0.1581
-0.3042
-0.033435
0.019404
-0.478395
0
0
-0.9394
0.1581
-0.3042
-0.021920
0.019452
-0.513927
0
0
-0.9394
0.1581
-0.3042
-0.003221
-0.018333
-0.520051
0
0
-0.0009
0.1596
-0.9872
-0.021920
0.019452
-0.513927
0
0
-0.0009
0.1596
-0.9872
0.015431
0.019481
-0.513955
0
0
-0.0009
0.1596
-0.9872
0.027014
-0.018334
-0.498119
0
0
0.9387
0.1595
-0.3057
0.015431
0.019481
-0.513955
0
0
0.9387
0.1595
-0.3057
0.027000
0.019450
-0.478441
0
0
0.9387
0.1595
-0.3057
0.015499
-0.018382
-0.462587
0
0
0.5809
0.1580
0.7985
0.027000
0.019450
-0.478441
0
0
0.5809
0.1580
0.7985
-0.003201
0.019403
-0.456463
0
0
0.5809
0.1580
0.7985
-0.033435
0.019404
-0.478395
0
0
-0.2471
0.9071
0.3407
-0.003201
0.019403
-0.456463
0
0
-0.2471
0.9071
0.3407
-0.003234
0.031322
-0.488223
0
0
-0.2471
0.9071
0.3407
-0.021920
0.019452
-0.513927
0
0
-0.3999
0.9075
-0.1284
-0.033435
0.019404
-0.478395
0
0
-0.3999
0.9075
-0.1284
-0.003234
0.031322
-0.488223
0
0
-0.3999
0.9075
-0.1284
0.015431
0.019481
-0.513955
0
0
-0.0010
0.9082
-0.4186
-0.021920
0.019452
-0.513927
0
0
-0.0010
0.9082
-0.4186
-0.003234
0.031322
-0.488223
0
0
-0.0010
0.9082
-0.4186
0.027000
0.019450
-0.478441
0
0
0.3983
0.9081
-0.1290
0.015431
0.019481
-0.513955
0
0
0.3983
0.9081
-0.1290
-0.003234
0.031322
-0.488223
0
0
0.3983
0.9081
-0.1290
-0.003201
0.019403
-0.456463
0
0
0.2462
0.9075
0.3403
0.027000
0.019450
-0.478441
0
0
0.2462
0.9075
0.3403
-0.003234
0.031322
-0.488223
0
0
0.2462
0.9075
0.3403
0.100873
-0.024014
-0.140375
0
0
-0.7069
0.0002
-0.7073
0.100836
0.024476
-0.140322
0
0
-0.7069
0.0002
-0.7073
0.127118
0.024525
-0.166591
0
0
-0.7069
0.0002
-0.7073
0.100873
-0.024014
-0.140375
0
0
-0.7069
0.0002
-0.7073
0.127118
0.024525
-0.166591
0
0
-0.7069
0.0002
-0.7073
0.127155
-0.023965
-0.166644
0
0
-0.7069
0.0002
-0.7073
0.074577
-0.024023
-0.150003
0
0
0.3438
0.0013
-0.9390
0.074540
0.024467
-0.149950
0
0
0.3438
0.0013
-0.9390
0.100836
0.024476
-0.140322
0
0
0.3438
0.0013
-0.9390
0.074577
-0.024023
-0.150003
0
0
0.3438
0.0013
-0.9390
0.100836
0.024476
-0.140322
0
0
0.3438
0.0013
-0.9390
0.100873
-0.024014
-0.140375
0
0
0.3438
0.0013
-0.9390
0.074540
0.024467
-0.149950
0
0
-0.0008
1.0000
0.0011
0.052947
0.024414
-0.117236
0
0
-0.0008
1.0000
0.0011
0.104335
0.024445
-0.109895
0
0
-0.0008
1.0000
0.0011
0.074540
0.024467
-0.149950
0
0
-0.0008
1.0000
0.0011
0.104335
0.024445
-0.109895
0
0
-0.0008
1.0000
0.0011
0.100836
0.024476
-0.140322
0
0
-0.0008
1.0000
0.0011
0.052983
-0.024076
-0.117290
0
0
0.0008
-1.0000
-0.0011
0.074577
-0.024023
-0.150003
0
0
0.0008
-1.0000
-0.0011
0.100873
-0.024014
-0.140375
0
0
0.0008
-1.0000
-0.0011
0.052983
-0.024076
-0.117290
0
0
0.0008
-1.0000
-0.0011
0.100873
-0.024014
-0.140375
0
0
0.0008
-1.0000
-0.0011
0.104372
-0.024045
-0.109948
0
0
0.0008
-1.0000
-0.0011
0.052947
0.024414
-0.117236
0
0
-0.1414
-0.0012
0.9899
0.052983
-0.024076
-0.117290
0
0
-0.1414
-0.0012
0.9899
0.104372
-0.024045
-0.109948
0
0
-0.1414
-0.0012
0.9899
0.052947
0.024414
-0.117236
0
0
-0.1414
-0.0012
0.9899
0.104372
-0.024045
-0.109948
0
0
-0.1414
-0.0012
0.9899
0.104335
0.024445
-0.109895
0
0
-0.1414
-0.0012
0.9899
0.197702
-0.024339
-0.226470
0
0
0.0011
-1.0000
0.0057
0.152830
-0.024368
-0.231286
0
0
0.0011
-1.0000
0.0057
0.132285
-0.024806
-0.295893
0
0
0.0011
-1.0000
0.0057
0.197702
-0.024339
-0.226470
0
0
0.0011
-1.0000
0.0057
0.132285
-0.024806
-0.295893
0
0
0.0011
-1.0000
0.0057
0.174021
-0.024764
-0.304517
0
0
0.0011
-1.0000
0.0057
0.100836
0.024476
-0.140322
0
0
-0.0008
1.0000
0.0011
0.104335
0.024445
-0.109895
0
0
-0.0008
1.0000
0.0011
0.161800
0.024531
-0.148325
0
0
-0.0008
1.0000
0.0011
0.100836
0.024476
-0.140322
0
0
-0.0008
1.0000
0.0011
0.161800
0.024531
-0.148325
0
0
-0.0008
1.0000
0.0011
0.127118
0.024525
-0.166591
0
0
-0.0008
1.0000
0.0011
0.104372
-0.024045
-0.109948
0
0
0.0008
-1.0000
-0.0011
0.100873
-0.024014
-0.140375
0
0
0.0008
-1.0000
-0.0011
0.127155
-0.023965
-0.166644
0
0
0.0008
-1.0000
-0.0011
0.104372
-0.024045
-0.109948
0
0
0.0008
-1.0000
-0.0011
0.127155
-0.023965
-0.166644
0
0
0.0008
-1.0000
-0.0011
0.161837
-0.023959
-0.148378
0
0
0.0008
-1.0000
-0.0011
0.104335
0.024445
-0.109895
0
0
0.5559
-0.0005
0.8312
0.104372
-0.024045
-0.109948
0
0
0.5559
-0.0005
0.8312
0.161837
-0.023959
-0.148378
0
0
0.5559
-0.0005
0.8312
0.104335
0.024445
-0.109895
0
0
0.5559
-0.0005
0.8312
0.161837
-0.023959
-0.148378
0
0
0.5559
-0.0005
0.8312
0.161800
0.024531
-0.148325
0
0
0.5559
-0.0005
0.8312
0.132285
-0.024806
-0.295893
0
0
-0.8417
-0.0012
0.5399
0.132247
0.025658
-0.295838
0
0
-0.8417
-0.0012
0.5399
0.109948
0.025679
-0.330604
0
0
-0.8417
-0.0012
0.5399
0.132285
-0.024806
-0.295893
0
0
-0.8417
-0.0012
0.5399
0.109948
0.025679
-0.330604
0
0
-0.8417
-0.0012
0.5399
0.109986
-0.024784
-0.330660
0
0
-0.8417
-0.0012
0.5399
0.197665
0.025138
-0.226416
0
0
0.9569
0.0010
-0.2904
0.197702
-0.024339
-0.226470
0
0
0.9569
0.0010
-0.2904
0.174021
-0.024764
-0.304517
0
0
0.9569
0.0010
-0.2904
0.197665
0.025138
-0.226416
0
0
0.9569
0.0010
-0.2904
0.174021
-0.024764
-0.304517
0
0
0.9569
0.0010
-0.2904
0.173983
0.025699
-0.304461
0
0
0.9569
0.0010
-0.2904
0.152830
-0.024368
-0.231286
0
0
-0.9530
-0.0011
0.3031
0.152793
0.025109
-0.231232
0
0
-0.9530
-0.0011
0.3031
0.132247
0.025658
-0.295838
0
0
-0.9530
-0.0011
0.3031
0.152830
-0.024368
-0.231286
0
0
-0.9530
-0.0011
0.3031
0.132247
0.025658
-0.295838
0
0
-0.9530
-0.0011
0.3031
0.132285
-0.024806
-0.295893
0
0
-0.9530
-0.0011
0.3031
0.152793
0.025109
-0.231232
0
0
-0.0005
1.0000
0.0079
0.197665
0.025138
-0.226416
0
0
-0.0005
1.0000
0.0079
0.173983
0.025699
-0.304461
0
0
-0.0005
1.0000
0.0079
0.152793
0.025109
-0.231232
0
0
-0.0005
1.0000
0.0079
0.173983
0.025699
-0.304461
0
0
-0.0005
1.0000
0.0079
0.132247
0.025658
-0.295838
0
0
-0.0005
1.0000
0.0079
0.109948
0.025679
-0.330604
0
0
-0.0008
1.0000
0.0011
0.137602
0.025729
-0.356754
0
0
-0.0008
1.0000
0.0011
0.073129
0.025712
-0.386169
0
0
-0.0008
1.0000
0.0011
0.109948
0.025679
-0.330604
0
0
-0.0008
1.0000
0.0011
0.073129
0.025712
-0.386169
0
0
-0.0008
1.0000
0.0011
0.079443
0.025678
-0.350250
0
0
-0.0008
1.0000
0.0011
0.132247
0.025658
-0.295838
0
0
-0.0008
1.0000
0.0011
0.173983
0.025699
-0.304461
0
0
-0.0008
1.0000
0.0011
0.137602
0.025729
-0.356754
0
0
-0.0008
1.0000
0.0011
0.132247
0.025658
-0.295838
0
0
-0.0008
1.0000
0.0011
0.137602
0.025729
-0.356754
0
0
-0.0008
1.0000
0.0011
0.109948
0.025679
-0.330604
0
0
-0.0008
1.0000
0.0011
0.174021
-0.024764
-0.304517
0
0
0.0008
-1.0000
-0.0011
0.132285
-0.024806
-0.295893
0
0
0.0008
-1.0000
-0.0011
0.109986
-0.024784
-0.330660
0
0
0.0008
-1.0000
-0.0011
0.174021
-0.024764
-0.304517
0
0
0.0008
-1.0000
-0.0011
0.109986
-0.024784
-0.330660
0
0
0.0008
-1.0000
-0.0011
0.137640
-0.024734
-0.356809
0
0
0.0008
-1.0000
-0.0011
0.173983
0.025699
-0.304461
0
0
0.8209
0.0013
-0.5711
0.174021
-0.024764
-0.304517
0
0
0.8209
0.0013
-0.5711
0.137640
-0.024734
-0.356809
0
0
0.8209
0.0013
-0.5711
0.173983
0.025699
-0.304461
0
0
0.8209
0.0013
-0.5711
0.137640
-0.024734
-0.356809
0
0
0.8209
0.0013
-0.5711
0.137602
0.025729
-0.356754
0
0
0.8209
0.0013
-0.5711
0.079443
0.025678
-0.350250
0
0
-0.0008
1.0000
0.0011
0.073129
0.025712
-0.386169
0
0
-0.0008
1.0000
0.0011
0.023616
0.025652
-0.365764
0
0
-0.0008
1.0000
0.0011
0.079443
0.025678
-0.350250
0
0
-0.0008
1.0000
0.0011
0.023616
0.025652
-0.365764
0
0
-0.0008
1.0000
0.0011
0.020308
0.025624
-0.342176
0
0
-0.0008
1.0000
0.0011
0.079443
0.025678
-0.350250
0
0
-0.0008
1.0000
0.0011
0.020308
0.025624
-0.342176
0
0
-0.0008
1.0000
0.0011
0.032655
0.025617
-0.327455
0
0
-0.0008
1.0000
0.0011
0.079443
0.025678
-0.350250
0
0
-0.0008
1.0000
0.0011
0.032655
0.025617
-0.327455
0
0
-0.0008
1.0000
0.0011
0.057702
0.025634
-0.325272
0
0
-0.0008
1.0000
0.0011
0.137640
-0.024734
-0.356809
0
0
0.0008
-1.0000
-0.0011
0.109986
-0.024784
-0.330660
0
0
0.0008
-1.0000
-0.0011
0.079482
-0.024786
-0.350306
0
0
0.0008
-1.0000
-0.0011
0.137640
-0.024734
-0.356809
0
0
0.0008
-1.0000
-0.0011
0.079482
-0.024786
-0.350306
0
0
0.0008
-1.0000
-0.0011
0.073167
-0.024751
-0.386224
0
0
0.0008
-1.0000
-0.0011
0.137602
0.025729
-0.356754
0
0
0.4151
0.0013
-0.9098
0.137640
-0.024734
-0.356809
0
0
0.4151
0.0013
-0.9098
0.073167
-0.024751
-0.386224
0
0
0.4151
0.0013
-0.9098
0.137602
0.025729
-0.356754
0
0
0.4151
0.0013
-0.9098
0.073167
-0.024751
-0.386224
0
0
0.4151
0.0013
-0.9098
0.073129
0.025712
-0.386169
0
0
0.4151
0.0013
-0.9098
0.109986
-0.024784
-0.330660
0
0
-0.5415
-0.0013
0.8407
0.109948
0.025679
-0.330604
0
0
-0.5415
-0.0013
0.8407
0.079443
0.025678
-0.350250
0
0
-0.5415
-0.0013
0.8407
0.109986
-0.024784
-0.330660
0
0
-0.5415
-0.0013
0.8407
0.079443
0.025678
-0.350250
0
0
-0.5415
-0.0013
0.8407
0.079482
-0.024786
-0.350306
0
0
-0.5415
-0.0013
0.8407
0.073167
-0.024751
-0.386224
0
0
0.0008
-1.0000
-0.0011
0.079482
-0.024786
-0.350306
0
0
0.0008
-1.0000
-0.0011
0.057741
-0.024830
-0.325328
0
0
0.0008
-1.0000
-0.0011
0.073167
-0.024751
-0.386224
0
0
0.0008
-1.0000
-0.0011
0.057741
-0.024830
-0.325328
0
0
0.0008
-1.0000
-0.0011
0.032694
-0.024846
-0.327510
0
0
0.0008
-1.0000
-0.0011
0.073167
-0.024751
-0.386224
0
0
0.0008
-1.0000
-0.0011
0.032694
-0.024846
-0.327510
0
0
0.0008
-1.0000
-0.0011
0.020346
-0.024839
-0.342232
0
0
0.0008
-1.0000
-0.0011
0.073167
-0.024751
-0.386224
0
0
0.0008
-1.0000
-0.0011
0.020346
-0.024839
-0.342232
0
0
0.0008
-1.0000
-0.0011
0.023655
-0.024811
-0.365819
0
0
0.0008
-1.0000
-0.0011
0.032694
-0.024846
-0.327510
0
0
-0.7662
-0.0013
0.6426
0.032655
0.025617
-0.327455
0
0
-0.7662
-0.0013
0.6426
0.020308
0.025624
-0.342176
0
0
-0.7662
-0.0013
0.6426
0.032694
-0.024846
-0.327510
0
0
-0.7662
-0.0013
0.6426
0.020308
0.025624
-0.342176
0
0
-0.7662
-0.0013
0.6426
0.020346
-0.024839
-0.342232
0
0
-0.7662
-0.0013
0.6426
0.079482
-0.024786
-0.350306
0
0
0.7543
-0.0002
0.6565
0.079443
0.025678
-0.350250
0
0
0.7543
-0.0002
0.6565
0.057702
0.025634
-0.325272
0
0
0.7543
-0.0002
0.6565
0.079482
-0.024786
-0.350306
0
0
0.7543
-0.0002
0.6565
0.057702
0.025634
-0.325272
0
0
0.7543
-0.0002
0.6565
0.057741
-0.024830
-0.325328
0
0
0.7543
-0.0002
0.6565
0.020346
-0.024839
-0.342232
0
0
-0.9903
-0.0006
-0.1389
0.020308
0.025624
-0.342176
0
0
-0.9903
-0.0006
-0.1389
0.023616
0.025652
-0.365764
0
0
-0.9903
-0.0006
-0.1389
0.020346
-0.024839
-0.342232
0
0
-0.9903
-0.0006
-0.1389
0.023616
0.025652
-0.365764
0
0
-0.9903
-0.0006
-0.1389
0.023655
-0.024811
-0.365819
0
0
-0.9903
-0.0006
-0.1389
0.032655
0.025617
-0.327455
0
0
-0.0868
-0.0012
0.9962
0.032694
-0.024846
-0.327510
0
0
-0.0868
-0.0012
0.9962
0.057741
-0.024830
-0.325328
0
0
-0.0868
-0.0012
0.9962
0.032655
0.025617
-0.327455
0
0
-0.0868
-0.0012
0.9962
0.057741
-0.024830
-0.325328
0
0
-0.0868
-0.0012
0.9962
0.057702
0.025634
-0.325272
0
0
-0.0868
-0.0012
0.9962
0.073129
0.025712
-0.386169
0
0
-0.3810
0.0007
-0.9246
0.073167
-0.024751
-0.386224
0
0
-0.3810
0.0007
-0.9246
0.023655
-0.024811
-0.365819
0
0
-0.3810
0.0007
-0.9246
0.073129
0.025712
-0.386169
0
0
-0.3810
0.0007
-0.9246
0.023655
-0.024811
-0.365819
0
0
-0.3810
0.0007
-0.9246
0.023616
0.025652
-0.365764
0
0
-0.3810
0.0007
-0.9246
0.074540
0.024467
-0.149950
0
0
0.7919
0.0013
-0.6107
0.074577
-0.024023
-0.150003
0
0
0.7919
0.0013
-0.6107
0.055573
-0.024010
-0.174646
0
0
0.7919
0.0013
-0.6107
0.074540
0.024467
-0.149950
0
0
0.7919
0.0013
-0.6107
0.055573
-0.024010
-0.174646
0
0
0.7919
0.0013
-0.6107
0.055537
0.024479
-0.174592
0
0
0.7919
0.0013
-0.6107
0.052983
-0.024076
-0.117290
0
0
-0.6562
-0.0013
0.7546
0.052947
0.024414
-0.117236
0
0
-0.6562
-0.0013
0.7546
0.025178
0.024420
-0.141384
0
0
-0.6562
-0.0013
0.7546
0.052983
-0.024076
-0.117290
0
0
-0.6562
-0.0013
0.7546
0.025178
0.024420
-0.141384
0
0
-0.6562
-0.0013
0.7546
0.025215
-0.024070
-0.141438
0
0
-0.6562
-0.0013
0.7546
0.074577
-0.024023
-0.150003
0
0
0.0008
-1.0000
-0.0011
0.052983
-0.024076
-0.117290
0
0
0.0008
-1.0000
-0.0011
0.025215
-0.024070
-0.141438
0
0
0.0008
-1.0000
-0.0011
0.074577
-0.024023
-0.150003
0
0
0.0008
-1.0000
-0.0011
0.025215
-0.024070
-0.141438
0
0
0.0008
-1.0000
-0.0011
0.035541
-0.024021
-0.178684
0
0
0.0008
-1.0000
-0.0011
0.074577
-0.024023
-0.150003
0
0
0.0008
-1.0000
-0.0011
0.035541
-0.024021
-0.178684
0
0
0.0008
-1.0000
-0.0011
0.055573
-0.024010
-0.174646
0
0
0.0008
-1.0000
-0.0011
0.035541
-0.024021
-0.178684
0
0
-0.9637
-0.0004
-0.2672
0.025215
-0.024070
-0.141438
0
0
-0.9637
-0.0004
-0.2672
0.025178
0.024420
-0.141384
0
0
-0.9637
-0.0004
-0.2672
0.035541
-0.024021
-0.178684
0
0
-0.9637
-0.0004
-0.2672
0.025178
0.024420
-0.141384
0
0
-0.9637
-0.0004
-0.2672
0.035504
0.024469
-0.178631
0
0
-0.9637
-0.0004
-0.2672
0.055537
0.024479
-0.174592
0
0
0.1976
0.0012
-0.9803
0.055573
-0.024010
-0.174646
0
0
0.1976
0.0012
-0.9803
0.035541
-0.024021
-0.178684
0
0
0.1976
0.0012
-0.9803
0.055537
0.024479
-0.174592
0
0
0.1976
0.0012
-0.9803
0.035541
-0.024021
-0.178684
0
0
0.1976
0.0012
-0.9803
0.035504
0.024469
-0.178631
0
0
0.1976
0.0012
-0.9803
0.052947
0.024414
-0.117236
0
0
-0.0008
1.0000
0.0011
0.074540
0.024467
-0.149950
0
0
-0.0008
1.0000
0.0011
0.055537
0.024479
-0.174592
0
0
-0.0008
1.0000
0.0011
0.052947
0.024414
-0.117236
0
0
-0.0008
1.0000
0.0011
0.055537
0.024479
-0.174592
0
0
-0.0008
1.0000
0.0011
0.035504
0.024469
-0.178631
0
0
-0.0008
1.0000
0.0011
0.052947
0.024414
-0.117236
0
0
-0.0008
1.0000
0.0011
0.035504
0.024469
-0.178631
0
0
-0.0008
1.0000
0.0011
0.025178
0.024420
-0.141384
0
0
-0.0008
1.0000
0.0011
0.009412
-0.023904
-0.437228
0
0
0.9157
0.0011
-0.4018
0.009375
0.024881
-0.437175
0
0
0.9157
0.0011
-0.4018
0.017401
0.024449
-0.418883
0
0
0.9157
0.0011
-0.4018
0.009412
-0.023904
-0.437228
0
0
0.9157
0.0011
-0.4018
0.017401
0.024449
-0.418883
0
0
0.9157
0.0011
-0.4018
0.017437
-0.023500
-0.418936
0
0
0.9157
0.0011
-0.4018
0.019685
-0.023405
-0.440690
0
0
0.3193
-0.0008
0.9476
0.019649
0.024405
-0.440637
0
0
0.3193
-0.0008
0.9476
0.009375
0.024881
-0.437175
0
0
0.3193
-0.0008
0.9476
0.019685
-0.023405
-0.440690
0
0
0.3193
-0.0008
0.9476
0.009375
0.024881
-0.437175
0
0
0.3193
-0.0008
0.9476
0.009412
-0.023904
-0.437228
0
0
0.3193
-0.0008
0.9476
0.019649
0.024405
-0.440637
0
0
-0.0127
0.9991
-0.0412
0.024875
0.023621
-0.472501
0
0
-0.0127
0.9991
-0.0412
-0.001472
0.023493
-0.456213
0
0
-0.0127
0.9991
-0.0412
0.019649
0.024405
-0.440637
0
0
-0.0127
0.9991
-0.0412
-0.001472
0.023493
-0.456213
0
0
-0.0127
0.9991
-0.0412
0.009375
0.024881
-0.437175
0
0
-0.0127
0.9991
-0.0412
0.024910
-0.022543
-0.472552
0
0
-0.0112
-0.9990
-0.0434
0.019685
-0.023405
-0.440690
0
0
-0.0112
-0.9990
-0.0434
0.009412
-0.023904
-0.437228
0
0
-0.0112
-0.9990
-0.0434
0.024910
-0.022543
-0.472552
0
0
-0.0112
-0.9990
-0.0434
0.009412
-0.023904
-0.437228
0
0
-0.0112
-0.9990
-0.0434
-0.001438
-0.022491
-0.456264
0
0
-0.0112
-0.9990
-0.0434
0.024875
0.023621
-0.472501
0
0
-0.5258
0.0005
-0.8506
0.024910
-0.022543
-0.472552
0
0
-0.5258
0.0005
-0.8506
-0.001438
-0.022491
-0.456264
0
0
-0.5258
0.0005
-0.8506
0.024875
0.023621
-0.472501
0
0
-0.5258
0.0005
-0.8506
-0.001438
-0.022491
-0.456264
0
0
-0.5258
0.0005
-0.8506
-0.001472
0.023493
-0.456213
0
0
-0.5258
0.0005
-0.8506
-0.001859
-0.022477
-0.410437
0
0
-0.0604
-0.9981
0.0115
0.017437
-0.023500
-0.418936
0
0
-0.0604
-0.9981
0.0115
0.030240
-0.024328
-0.402684
0
0
-0.0604
-0.9981
0.0115
-0.001859
-0.022477
-0.410437
0
0
-0.0604
-0.9981
0.0115
0.030240
-0.024328
-0.402684
0
0
-0.0604
-0.9981
0.0115
0.022897
-0.023322
-0.375006
0
0
-0.0604
-0.9981
0.0115
0.009375
0.024881
-0.437175
0
0
-0.0878
0.9960
0.0189
-0.001472
0.023493
-0.456213
0
0
-0.0878
0.9960
0.0189
-0.001894
0.023378
-0.410387
0
0
-0.0878
0.9960
0.0189
0.009375
0.024881
-0.437175
0
0
-0.0878
0.9960
0.0189
-0.001894
0.023378
-0.410387
0
0
-0.0878
0.9960
0.0189
0.017401
0.024449
-0.418883
0
0
-0.0878
0.9960
0.0189
-0.001438
-0.022491
-0.456264
0
0
-0.0863
-0.9961
0.0167
0.009412
-0.023904
-0.437228
0
0
-0.0863
-0.9961
0.0167
0.017437
-0.023500
-0.418936
0
0
-0.0863
-0.9961
0.0167
-0.001438
-0.022491
-0.456264
0
0
-0.0863
-0.9961
0.0167
0.017437
-0.023500
-0.418936
0
0
-0.0863
-0.9961
0.0167
-0.001859
-0.022477
-0.410437
0
0
-0.0863
-0.9961
0.0167
-0.001472
0.023493
-0.456213
0
0
-1.0000
-0.0007
-0.0092
-0.001438
-0.022491
-0.456264
0
0
-1.0000
-0.0007
-0.0092
-0.001859
-0.022477
-0.410437
0
0
-1.0000
-0.0007
-0.0092
-0.001472
0.023493
-0.456213
0
0
-1.0000
-0.0007
-0.0092
-0.001859
-0.022477
-0.410437
0
0
-1.0000
-0.0007
-0.0092
-0.001894
0.023378
-0.410387
0
0
-1.0000
-0.0007
-0.0092
0.030240
-0.024328
-0.402684
0
0
0.2711
0.0013
-0.9625
0.030202
0.025261
-0.402630
0
0
0.2711
0.0013
-0.9625
0.049885
0.025037
-0.397086
0
0
0.2711
0.0013
-0.9625
0.030240
-0.024328
-0.402684
0
0
0.2711
0.0013
-0.9625
0.049885
0.025037
-0.397086
0
0
0.2711
0.0013
-0.9625
0.049922
-0.024087
-0.397141
0
0
0.2711
0.0013
-0.9625
-0.001894
0.023378
-0.410387
0
0
-0.8197
-0.0013
0.5727
-0.001859
-0.022477
-0.410437
0
0
-0.8197
-0.0013
0.5727
0.022897
-0.023322
-0.375006
0
0
-0.8197
-0.0013
0.5727
-0.001894
0.023378
-0.410387
0
0
-0.8197
-0.0013
0.5727
0.022897
-0.023322
-0.375006
0
0
-0.8197
-0.0013
0.5727
0.022861
0.024183
-0.374953
0
0
-0.8197
-0.0013
0.5727
0.017437
-0.023500
-0.418936
0
0
0.7856
0.0013
-0.6188
0.017401
0.024449
-0.418883
0
0
0.7856
0.0013
-0.6188
0.030202
0.025261
-0.402630
0
0
0.7856
0.0013
-0.6188
0.017437
-0.023500
-0.418936
0
0
0.7856
0.0013
-0.6188
0.030202
0.025261
-0.402630
0
0
0.7856
0.0013
-0.6188
0.030240
-0.024328
-0.402684
0
0
0.7856
0.0013
-0.6188
0.017401
0.024449
-0.418883
0
0
-0.0619
0.9980
0.0137
-0.001894
0.023378
-0.410387
0
0
-0.0619
0.9980
0.0137
0.022861
0.024183
-0.374953
0
0
-0.0619
0.9980
0.0137
0.017401
0.024449
-0.418883
0
0
-0.0619
0.9980
0.0137
0.022861
0.024183
-0.374953
0
0
-0.0619
0.9980
0.0137
0.030202
0.025261
-0.402630
0
0
-0.0619
0.9980
0.0137
0.049885
0.025037
-0.397086
0
0
0.0144
0.9986
0.0511
0.057116
0.024333
-0.378015
0
0
0.0144
0.9986
0.0511
0.092581
0.024216
-0.393096
0
0
0.0144
0.9986
0.0511
0.049885
0.025037
-0.397086
0
0
0.0144
0.9986
0.0511
0.092581
0.024216
-0.393096
0
0
0.0144
0.9986
0.0511
0.055861
0.025892
-0.408160
0
0
0.0144
0.9986
0.0511
0.030202
0.025261
-0.402630
0
0
-0.0004
0.9993
0.0381
0.022861
0.024183
-0.374953
0
0
-0.0004
0.9993
0.0381
0.057116
0.024333
-0.378015
0
0
-0.0004
0.9993
0.0381
0.030202
0.025261
-0.402630
0
0
-0.0004
0.9993
0.0381
0.057116
0.024333
-0.378015
0
0
-0.0004
0.9993
0.0381
0.049885
0.025037
-0.397086
0
0
-0.0004
0.9993
0.0381
0.022897
-0.023322
-0.375006
0
0
0.0011
-0.9994
0.0359
0.030240
-0.024328
-0.402684
0
0
0.0011
-0.9994
0.0359
0.049922
-0.024087
-0.397141
0
0
0.0011
-0.9994
0.0359
0.022897
-0.023322
-0.375006
0
0
0.0011
-0.9994
0.0359
0.049922
-0.024087
-0.397141
0
0
0.0011
-0.9994
0.0359
0.057152
-0.023414
-0.378068
0
0
0.0011
-0.9994
0.0359
0.022861
0.024183
-0.374953
0
0
0.0890
-0.0010
0.9960
0.022897
-0.023322
-0.375006
0
0
0.0890
-0.0010
0.9960
0.057152
-0.023414
-0.378068
0
0
0.0890
-0.0010
0.9960
0.022861
0.024183
-0.374953
0
0
0.0890
-0.0010
0.9960
0.057152
-0.023414
-0.378068
0
0
0.0890
-0.0010
0.9960
0.057116
0.024333
-0.378015
0
0
0.0890
-0.0010
0.9960
0.055861
0.025892
-0.408160
0
0
0.0243
0.9989
-0.0390
0.092581
0.024216
-0.393096
0
0
0.0243
0.9989
-0.0390
0.085403
0.024133
-0.423418
0
0
0.0243
0.9989
-0.0390
0.055861
0.025892
-0.408160
0
0
0.0243
0.9989
-0.0390
0.085403
0.024133
-0.423418
0
0
0.0243
0.9989
-0.0390
0.071696
0.024232
-0.431012
0
0
0.0243
0.9989
-0.0390
0.055861
0.025892
-0.408160
0
0
0.0243
0.9989
-0.0390
0.071696
0.024232
-0.431012
0
0
0.0243
0.9989
-0.0390
0.059560
0.024246
-0.426745
0
0
0.0243
0.9989
-0.0390
0.055861
0.025892
-0.408160
0
0
0.0243
0.9989
-0.0390
0.059560
0.024246
-0.426745
0
0
0.0243
0.9989
-0.0390
0.052644
0.024149
-0.417040
0
0
0.0243
0.9989
-0.0390
0.057152
-0.023414
-0.378068
0
0
0.0160
-0.9987
0.0489
0.049922
-0.024087
-0.397141
0
0
0.0160
-0.9987
0.0489
0.055900
-0.024908
-0.408216
0
0
0.0160
-0.9987
0.0489
0.057152
-0.023414
-0.378068
0
0
0.0160
-0.9987
0.0489
0.055900
-0.024908
-0.408216
0
0
0.0160
-0.9987
0.0489
0.092617
-0.023210
-0.393149
0
0
0.0160
-0.9987
0.0489
0.057116
0.024333
-0.378015
0
0
0.3913
-0.0007
0.9203
0.057152
-0.023414
-0.378068
0
0
0.3913
-0.0007
0.9203
0.092617
-0.023210
-0.393149
0
0
0.3913
-0.0007
0.9203
0.057116
0.024333
-0.378015
0
0
0.3913
-0.0007
0.9203
0.092617
-0.023210
-0.393149
0
0
0.3913
-0.0007
0.9203
0.092581
0.024216
-0.393096
0
0
0.3913
-0.0007
0.9203
0.049922
-0.024087
-0.397141
0
0
-0.8800
-0.0001
-0.4749
0.049885
0.025037
-0.397086
0
0
-0.8800
-0.0001
-0.4749
0.055861
0.025892
-0.408160
0
0
-0.8800
-0.0001
-0.4749
0.049922
-0.024087
-0.397141
0
0
-0.8800
-0.0001
-0.4749
0.055861
0.025892
-0.408160
0
0
-0.8800
-0.0001
-0.4749
0.055900
-0.024908
-0.408216
0
0
-0.8800
-0.0001
-0.4749
0.092617
-0.023210
-0.393149
0
0
0.0258
-0.9988
-0.0412
0.055900
-0.024908
-0.408216
0
0
0.0258
-0.9988
-0.0412
0.052680
-0.023151
-0.417092
0
0
0.0258
-0.9988
-0.0412
0.092617
-0.023210
-0.393149
0
0
0.0258
-0.9988
-0.0412
0.052680
-0.023151
-0.417092
0
0
0.0258
-0.9988
-0.0412
0.059596
-0.023215
-0.426797
0
0
0.0258
-0.9988
-0.0412
0.092617
-0.023210
-0.393149
0
0
0.0258
-0.9988
-0.0412
0.059596
-0.023215
-0.426797
0
0
0.0258
-0.9988
-0.0412
0.071732
-0.023174
-0.431064
0
0
0.0258
-0.9988
-0.0412
0.092617
-0.023210
-0.393149
0
0
0.0258
-0.9988
-0.0412
0.071732
-0.023174
-0.431064
0
0
0.0258
-0.9988
-0.0412
0.085439
-0.023071
-0.423470
0
0
0.0258
-0.9988
-0.0412
0.059596
-0.023215
-0.426797
0
0
-0.3317
0.0008
-0.9434
0.059560
0.024246
-0.426745
0
0
-0.3317
0.0008
-0.9434
0.071696
0.024232
-0.431012
0
0
-0.3317
0.0008
-0.9434
0.059596
-0.023215
-0.426797
0
0
-0.3317
0.0008
-0.9434
0.071696
0.024232
-0.431012
0
0
-0.3317
0.0008
-0.9434
0.071732
-0.023174
-0.431064
0
0
-0.3317
0.0008
-0.9434
0.055900
-0.024908
-0.408216
0
0
-0.9401
-0.0011
0.3408
0.055861
0.025892
-0.408160
0
0
-0.9401
-0.0011
0.3408
0.052644
0.024149
-0.417040
0
0
-0.9401
-0.0011
0.3408
0.055900
-0.024908
-0.408216
0
0
-0.9401
-0.0011
0.3408
0.052644
0.024149
-0.417040
0
0
-0.9401
-0.0011
0.3408
0.052680
-0.023151
-0.417092
0
0
-0.9401
-0.0011
0.3408
0.071732
-0.023174
-0.431064
0
0
0.4846
0.0013
-0.8747
0.071696
0.024232
-0.431012
0
0
0.4846
0.0013
-0.8747
0.085403
0.024133
-0.423418
0
0
0.4846
0.0013
-0.8747
0.071732
-0.023174
-0.431064
0
0
0.4846
0.0013
-0.8747
0.085403
0.024133
-0.423418
0
0
0.4846
0.0013
-0.8747
0.085439
-0.023071
-0.423470
0
0
0.4846
0.0013
-0.8747
0.059560
0.024246
-0.426745
0
0
-0.8144
0.0000
-0.5803
0.059596
-0.023215
-0.426797
0
0
-0.8144
0.0000
-0.5803
0.052680
-0.023151
-0.417092
0
0
-0.8144
0.0000
-0.5803
0.059560
0.024246
-0.426745
0
0
-0.8144
0.0000
-0.5803
0.052680
-0.023151
-0.417092
0
0
-0.8144
0.0000
-0.5803
0.052644
0.024149
-0.417040
0
0
-0.8144
0.0000
-0.5803
0.092581
0.024216
-0.393096
0
0
0.9731
0.0010
-0.2304
0.092617
-0.023210
-0.393149
0
0
0.9731
0.0010
-0.2304
0.085439
-0.023071
-0.423470
0
0
0.9731
0.0010
-0.2304
0.092581
0.024216
-0.393096
0
0
0.9731
0.0010
-0.2304
0.085439
-0.023071
-0.423470
0
0
0.9731
0.0010
-0.2304
0.085403
0.024133
-0.423418
0
0
0.9731
0.0010
-0.2304
0.019649
0.024405
-0.440637
0
0
-0.4224
-0.0013
0.9064
0.019685
-0.023405
-0.440690
0
0
-0.4224
-0.0013
0.9064
0.034172
-0.022497
-0.433938
0
0
-0.4224
-0.0013
0.9064
0.019649
0.024405
-0.440637
0
0
-0.4224
-0.0013
0.9064
0.034172
-0.022497
-0.433938
0
0
-0.4224
-0.0013
0.9064
0.034137
0.023505
-0.433887
0
0
-0.4224
-0.0013
0.9064
0.024910
-0.022543
-0.472552
0
0
0.1635
0.0012
-0.9865
0.024875
0.023621
-0.472501
0
0
0.1635
0.0012
-0.9865
0.046926
0.023347
-0.468848
0
0
0.1635
0.0012
-0.9865
0.024910
-0.022543
-0.472552
0
0
0.1635
0.0012
-0.9865
0.046926
0.023347
-0.468848
0
0
0.1635
0.0012
-0.9865
0.046960
-0.022243
-0.468898
0
0
0.1635
0.0012
-0.9865
0.019685
-0.023405
-0.440690
0
0
0.0327
-0.9995
-0.0049
0.024910
-0.022543
-0.472552
0
0
0.0327
-0.9995
-0.0049
0.046960
-0.022243
-0.468898
0
0
0.0327
-0.9995
-0.0049
0.019685
-0.023405
-0.440690
0
0
0.0327
-0.9995
-0.0049
0.046960
-0.022243
-0.468898
0
0
0.0327
-0.9995
-0.0049
0.049531
-0.022121
-0.441238
0
0
0.0327
-0.9995
-0.0049
0.019685
-0.023405
-0.440690
0
0
0.0327
-0.9995
-0.0049
0.049531
-0.022121
-0.441238
0
0
0.0327
-0.9995
-0.0049
0.034172
-0.022497
-0.433938
0
0
0.0327
-0.9995
-0.0049
0.049531
-0.022121
-0.441238
0
0
0.9957
0.0009
-0.0925
0.046960
-0.022243
-0.468898
0
0
0.9957
0.0009
-0.0925
0.046926
0.023347
-0.468848
0
0
0.9957
0.0009
-0.0925
0.049531
-0.022121
-0.441238
0
0
0.9957
0.0009
-0.0925
0.046926
0.023347
-0.468848
0
0
0.9957
0.0009
-0.0925
0.049496
0.023167
-0.441189
0
0
0.9957
0.0009
-0.0925
0.034137
0.023505
-0.433887
0
0
0.4293
-0.0007
0.9032
0.034172
-0.022497
-0.433938
0
0
0.4293
-0.0007
0.9032
0.049531
-0.022121
-0.441238
0
0
0.4293
-0.0007
0.9032
0.034137
0.023505
-0.433887
0
0
0.4293
-0.0007
0.9032
0.049531
-0.022121
-0.441238
0
0
0.4293
-0.0007
0.9032
0.049496
0.023167
-0.441189
0
0
0.4293
-0.0007
0.9032
0.024875
0.023621
-0.472501
0
0
0.0311
0.9995
-0.0027
0.019649
0.024405
-0.440637
0
0
0.0311
0.9995
-0.0027
0.034137
0.023505
-0.433887
0
0
0.0311
0.9995
-0.0027
0.024875
0.023621
-0.472501
0
0
0.0311
0.9995
-0.0027
0.034137
0.023505
-0.433887
0
0
0.0311
0.9995
-0.0027
0.049496
0.023167
-0.441189
0
0
0.0311
0.9995
-0.0027
0.024875
0.023621
-0.472501
0
0
0.0311
0.9995
-0.0027
0.049496
0.023167
-0.441189
0
0
0.0311
0.9995
-0.0027
0.046926
0.023347
-0.468848
0
0
0.0311
0.9995
-0.0027
0.161837
-0.023959
-0.148378
0
0
-0.0010
-1.0000
0.0050
0.127155
-0.023965
-0.166644
0
0
-0.0010
-1.0000
0.0050
0.152830
-0.024368
-0.231286
0
0
-0.0010
-1.0000
0.0050
0.161837
-0.023959
-0.148378
0
0
-0.0010
-1.0000
0.0050
0.152830
-0.024368
-0.231286
0
0
-0.0010
-1.0000
0.0050
0.197702
-0.024339
-0.226470
0
0
-0.0010
-1.0000
0.0050
0.161800
0.024531
-0.148325
0
0
0.9087
0.0002
0.4174
0.161837
-0.023959
-0.148378
0
0
0.9087
0.0002
0.4174
0.197702
-0.024339
-0.226470
0
0
0.9087
0.0002
0.4174
0.161800
0.024531
-0.148325
0
0
0.9087
0.0002
0.4174
0.197702
-0.024339
-0.226470
0
0
0.9087
0.0002
0.4174
0.197665
0.025138
-0.226416
0
0
0.9087
0.0002
0.4174
0.127155
-0.023965
-0.166644
0
0
-0.9294
-0.0003
-0.3691
0.127118
0.024525
-0.166591
0
0
-0.9294
-0.0003
-0.3691
0.152793
0.025109
-0.231232
0
0
-0.9294
-0.0003
-0.3691
0.127155
-0.023965
-0.166644
0
0
-0.9294
-0.0003
-0.3691
0.152793
0.025109
-0.231232
0
0
-0.9294
-0.0003
-0.3691
0.152830
-0.024368
-0.231286
0
0
-0.9294
-0.0003
-0.3691
0.127118
0.024525
-0.166591
0
0
-0.0025
1.0000
0.0072
0.161800
0.024531
-0.148325
0
0
-0.0025
1.0000
0.0072
0.197665
0.025138
-0.226416
0
0
-0.0025
1.0000
0.0072
0.127118
0.024525
-0.166591
0
0
-0.0025
1.0000
0.0072
0.197665
0.025138
-0.226416
0
0
-0.0025
1.0000
0.0072
0.152793
0.025109
-0.231232
0
0
-0.0025
1.0000
0.0072
-0.167295
-0.024209
-0.148127
0
0
0.0026
-1.0000
0.0050
-0.203279
-0.024643
-0.226164
0
0
0.0026
-1.0000
0.0050
-0.158414
-0.024604
-0.231049
0
0
0.0026
-1.0000
0.0050
-0.167295
-0.024209
-0.148127
0
0
0.0026
-1.0000
0.0050
-0.158414
-0.024604
-0.231049
0
0
0.0026
-1.0000
0.0050
-0.132641
-0.024162
-0.166446
0
0
0.0026
-1.0000
0.0050
-0.167331
0.024281
-0.148074
0
0
-0.9081
-0.0011
0.4187
-0.203316
0.024833
-0.226110
0
0
-0.9081
-0.0011
0.4187
-0.203279
-0.024643
-0.226164
0
0
-0.9081
-0.0011
0.4187
-0.167331
0.024281
-0.148074
0
0
-0.9081
-0.0011
0.4187
-0.203279
-0.024643
-0.226164
0
0
-0.9081
-0.0011
0.4187
-0.167295
-0.024209
-0.148127
0
0
-0.9081
-0.0011
0.4187
-0.106318
-0.024171
-0.140217
0
0
0.7059
0.0013
-0.7084
-0.132641
-0.024162
-0.166446
0
0
0.7059
0.0013
-0.7084
-0.132678
0.024327
-0.166393
0
0
0.7059
0.0013
-0.7084
-0.106318
-0.024171
-0.140217
0
0
0.7059
0.0013
-0.7084
-0.132678
0.024327
-0.166393
0
0
0.7059
0.0013
-0.7084
-0.106355
0.024319
-0.140164
0
0
0.7059
0.0013
-0.7084
-0.080037
-0.024141
-0.149885
0
0
-0.3453
0.0008
-0.9385
-0.106318
-0.024171
-0.140217
0
0
-0.3453
0.0008
-0.9385
-0.106355
0.024319
-0.140164
0
0
-0.3453
0.0008
-0.9385
-0.080037
-0.024141
-0.149885
0
0
-0.3453
0.0008
-0.9385
-0.106355
0.024319
-0.140164
0
0
-0.3453
0.0008
-0.9385
-0.080074
0.024349
-0.149832
0
0
-0.3453
0.0008
-0.9385
-0.080074
0.024349
-0.149832
0
0
-0.0008
1.0000
0.0011
-0.106355
0.024319
-0.140164
0
0
-0.0008
1.0000
0.0011
-0.109808
0.024282
-0.109731
0
0
-0.0008
1.0000
0.0011
-0.080074
0.024349
-0.149832
0
0
-0.0008
1.0000
0.0011
-0.109808
0.024282
-0.109731
0
0
-0.0008
1.0000
0.0011
-0.058431
0.024330
-0.117151
0
0
-0.0008
1.0000
0.0011
-0.058394
-0.024160
-0.117205
0
0
0.0008
-1.0000
-0.0011
-0.109771
-0.024207
-0.109785
0
0
0.0008
-1.0000
-0.0011
-0.106318
-0.024171
-0.140217
0
0
0.0008
-1.0000
-0.0011
-0.058394
-0.024160
-0.117205
0
0
0.0008
-1.0000
-0.0011
-0.106318
-0.024171
-0.140217
0
0
0.0008
-1.0000
-0.0011
-0.080037
-0.024141
-0.149885
0
0
0.0008
-1.0000
-0.0011
-0.058431
0.024330
-0.117151
0
0
0.1429
-0.0010
0.9897
-0.109808
0.024282
-0.109731
0
0
0.1429
-0.0010
0.9897
-0.109771
-0.024207
-0.109785
0
0
0.1429
-0.0010
0.9897
-0.058431
0.024330
-0.117151
0
0
0.1429
-0.0010
0.9897
-0.109771
-0.024207
-0.109785
0
0
0.1429
-0.0010
0.9897
-0.058394
-0.024160
-0.117205
0
0
0.1429
-0.0010
0.9897
-0.203279
-0.024643
-0.226164
0
0
0.0005
-1.0000
0.0057
-0.179716
-0.025033
-0.304247
0
0
0.0005
-1.0000
0.0057
-0.137967
-0.025011
-0.295687
0
0
0.0005
-1.0000
0.0057
-0.203279
-0.024643
-0.226164
0
0
0.0005
-1.0000
0.0057
-0.137967
-0.025011
-0.295687
0
0
0.0005
-1.0000
0.0057
-0.158414
-0.024604
-0.231049
0
0
0.0005
-1.0000
0.0057
-0.106355
0.024319
-0.140164
0
0
-0.0008
1.0000
0.0011
-0.132678
0.024327
-0.166393
0
0
-0.0008
1.0000
0.0011
-0.167331
0.024281
-0.148074
0
0
-0.0008
1.0000
0.0011
-0.106355
0.024319
-0.140164
0
0
-0.0008
1.0000
0.0011
-0.167331
0.024281
-0.148074
0
0
-0.0008
1.0000
0.0011
-0.109808
0.024282
-0.109731
0
0
-0.0008
1.0000
0.0011
-0.109771
-0.024207
-0.109785
0
0
0.0008
-1.0000
-0.0011
-0.167295
-0.024209
-0.148127
0
0
0.0008
-1.0000
-0.0011
-0.132641
-0.024162
-0.166446
0
0
0.0008
-1.0000
-0.0011
-0.109771
-0.024207
-0.109785
0
0
0.0008
-1.0000
-0.0011
-0.132641
-0.024162
-0.166446
0
0
0.0008
-1.0000
-0.0011
-0.106318
-0.024171
-0.140217
0
0
0.0008
-1.0000
-0.0011
-0.109808
0.024282
-0.109731
0
0
-0.5546
-0.0013
0.8321
-0.167331
0.024281
-0.148074
0
0
-0.5546
-0.0013
0.8321
-0.167295
-0.024209
-0.148127
0
0
-0.5546
-0.0013
0.8321
-0.109808
0.024282
-0.109731
0
0
-0.5546
-0.0013
0.8321
-0.167295
-0.024209
-0.148127
0
0
-0.5546
-0.0013
0.8321
-0.109771
-0.024207
-0.109785
0
0
-0.5546
-0.0013
0.8321
-0.137967
-0.025011
-0.295687
0
0
0.8426
0.0000
0.5386
-0.115721
-0.024956
-0.330488
0
0
0.8426
0.0000
0.5386
-0.115759
0.025508
-0.330432
0
0
0.8426
0.0000
0.5386
-0.137967
-0.025011
-0.295687
0
0
0.8426
0.0000
0.5386
-0.115759
0.025508
-0.330432
0
0
0.8426
0.0000
0.5386
-0.138005
0.025453
-0.295631
0
0
0.8426
0.0000
0.5386
-0.203316
0.024833
-0.226110
0
0
-0.9574
-0.0004
-0.2889
-0.179754
0.025430
-0.304192
0
0
-0.9574
-0.0004
-0.2889
-0.179716
-0.025033
-0.304247
0
0
-0.9574
-0.0004
-0.2889
-0.203316
0.024833
-0.226110
0
0
-0.9574
-0.0004
-0.2889
-0.179716
-0.025033
-0.304247
0
0
-0.9574
-0.0004
-0.2889
-0.203279
-0.024643
-0.226164
0
0
-0.9574
-0.0004
-0.2889
-0.158414
-0.024604
-0.231049
0
0
0.9534
0.0004
0.3016
-0.137967
-0.025011
-0.295687
0
0
0.9534
0.0004
0.3016
-0.138005
0.025453
-0.295631
0
0
0.9534
0.0004
0.3016
-0.158414
-0.024604
-0.231049
0
0
0.9534
0.0004
0.3016
-0.138005
0.025453
-0.295631
0
0
0.9534
0.0004
0.3016
-0.158452
0.024872
-0.230994
0
0
0.9534
0.0004
0.3016
-0.158452
0.024872
-0.230994
0
0
-0.0010
1.0000
0.0079
-0.138005
0.025453
-0.295631
0
0
-0.0010
1.0000
0.0079
-0.179754
0.025430
-0.304192
0
0
-0.0010
1.0000
0.0079
-0.158452
0.024872
-0.230994
0
0
-0.0010
1.0000
0.0079
-0.179754
0.025430
-0.304192
0
0
-0.0010
1.0000
0.0079
-0.203316
0.024833
-0.226110
0
0
-0.0010
1.0000
0.0079
-0.115759
0.025508
-0.330432
0
0
-0.0008
1.0000
0.0011
-0.085285
0.025553
-0.350125
0
0
-0.0008
1.0000
0.0011
-0.079025
0.025597
-0.386053
0
0
-0.0008
1.0000
0.0011
-0.115759
0.025508
-0.330432
0
0
-0.0008
1.0000
0.0011
-0.079025
0.025597
-0.386053
0
0
-0.0008
1.0000
0.0011
-0.143453
0.025516
-0.356540
0
0
-0.0008
1.0000
0.0011
-0.138005
0.025453
-0.295631
0
0
-0.0008
1.0000
0.0011
-0.115759
0.025508
-0.330432
0
0
-0.0008
1.0000
0.0011
-0.143453
0.025516
-0.356540
0
0
-0.0008
1.0000
0.0011
-0.138005
0.025453
-0.295631
0
0
-0.0008
1.0000
0.0011
-0.143453
0.025516
-0.356540
0
0
-0.0008
1.0000
0.0011
-0.179754
0.025430
-0.304192
0
0
-0.0008
1.0000
0.0011
-0.179716
-0.025033
-0.304247
0
0
0.0008
-1.0000
-0.0011
-0.143415
-0.024948
-0.356595
0
0
0.0008
-1.0000
-0.0011
-0.115721
-0.024956
-0.330488
0
0
0.0008
-1.0000
-0.0011
-0.179716
-0.025033
-0.304247
0
0
0.0008
-1.0000
-0.0011
-0.115721
-0.024956
-0.330488
0
0
0.0008
-1.0000
-0.0011
-0.137967
-0.025011
-0.295687
0
0
0.0008
-1.0000
-0.0011
-0.179754
0.025430
-0.304192
0
0
-0.8218
0.0000
-0.5698
-0.143453
0.025516
-0.356540
0
0
-0.8218
0.0000
-0.5698
-0.143415
-0.024948
-0.356595
0
0
-0.8218
0.0000
-0.5698
-0.179754
0.025430
-0.304192
0
0
-0.8218
0.0000
-0.5698
-0.143415
-0.024948
-0.356595
0
0
-0.8218
0.0000
-0.5698
-0.179716
-0.025033
-0.304247
0
0
-0.8218
0.0000
-0.5698
-0.085285
0.025553
-0.350125
0
0
-0.0008
1.0000
0.0011
-0.063505
0.025542
-0.325180
0
0
-0.0008
1.0000
0.0011
-0.038462
0.025563
-0.327400
0
0
-0.0008
1.0000
0.0011
-0.085285
0.025553
-0.350125
0
0
-0.0008
1.0000
0.0011
-0.038462
0.025563
-0.327400
0
0
-0.0008
1.0000
0.0011
-0.026137
0.025589
-0.342141
0
0
-0.0008
1.0000
0.0011
-0.085285
0.025553
-0.350125
0
0
-0.0008
1.0000
0.0011
-0.026137
0.025589
-0.342141
0
0
-0.0008
1.0000
0.0011
-0.029481
0.025612
-0.365723
0
0
-0.0008
1.0000
0.0011
-0.085285
0.025553
-0.350125
0
0
-0.0008
1.0000
0.0011
-0.029481
0.025612
-0.365723
0
0
-0.0008
1.0000
0.0011
-0.079025
0.025597
-0.386053
0
0
-0.0008
1.0000
0.0011
-0.143415
-0.024948
-0.356595
0
0
0.0008
-1.0000
-0.0011
-0.078987
-0.024866
-0.386108
0
0
0.0008
-1.0000
-0.0011
-0.085246
-0.024911
-0.350180
0
0
0.0008
-1.0000
-0.0011
-0.143415
-0.024948
-0.356595
0
0
0.0008
-1.0000
-0.0011
-0.085246
-0.024911
-0.350180
0
0
0.0008
-1.0000
-0.0011
-0.115721
-0.024956
-0.330488
0
0
0.0008
-1.0000
-0.0011
-0.143453
0.025516
-0.356540
0
0
-0.4165
0.0007
-0.9092
-0.079025
0.025597
-0.386053
0
0
-0.4165
0.0007
-0.9092
-0.078987
-0.024866
-0.386108
0
0
-0.4165
0.0007
-0.9092
-0.143453
0.025516
-0.356540
0
0
-0.4165
0.0007
-0.9092
-0.078987
-0.024866
-0.386108
0
0
-0.4165
0.0007
-0.9092
-0.143415
-0.024948
-0.356595
0
0
-0.4165
0.0007
-0.9092
-0.115721
-0.024956
-0.330488
0
0
0.5427
-0.0005
0.8399
-0.085246
-0.024911
-0.350180
0
0
0.5427
-0.0005
0.8399
-0.085285
0.025553
-0.350125
0
0
0.5427
-0.0005
0.8399
-0.115721
-0.024956
-0.330488
0
0
0.5427
-0.0005
0.8399
-0.085285
0.025553
-0.350125
0
0
0.5427
-0.0005
0.8399
-0.115759
0.025508
-0.330432
0
0
0.5427
-0.0005
0.8399
-0.078987
-0.024866
-0.386108
0
0
0.0008
-1.0000
-0.0011
-0.029443
-0.024851
-0.365779
0
0
0.0008
-1.0000
-0.0011
-0.026099
-0.024875
-0.342197
0
0
0.0008
-1.0000
-0.0011
-0.078987
-0.024866
-0.386108
0
0
0.0008
-1.0000
-0.0011
-0.026099
-0.024875
-0.342197
0
0
0.0008
-1.0000
-0.0011
-0.038424
-0.024900
-0.327456
0
0
0.0008
-1.0000
-0.0011
-0.078987
-0.024866
-0.386108
0
0
0.0008
-1.0000
-0.0011
-0.038424
-0.024900
-0.327456
0
0
0.0008
-1.0000
-0.0011
-0.063467
-0.024922
-0.325235
0
0
0.0008
-1.0000
-0.0011
-0.078987
-0.024866
-0.386108
0
0
0.0008
-1.0000
-0.0011
-0.063467
-0.024922
-0.325235
0
0
0.0008
-1.0000
-0.0011
-0.085246
-0.024911
-0.350180
0
0
0.0008
-1.0000
-0.0011
-0.038424
-0.024900
-0.327456
0
0
0.7672
-0.0001
0.6414
-0.026099
-0.024875
-0.342197
0
0
0.7672
-0.0001
0.6414
-0.026137
0.025589
-0.342141
0
0
0.7672
-0.0001
0.6414
-0.038424
-0.024900
-0.327456
0
0
0.7672
-0.0001
0.6414
-0.026137
0.025589
-0.342141
0
0
0.7672
-0.0001
0.6414
-0.038462
0.025563
-0.327400
0
0
0.7672
-0.0001
0.6414
-0.085246
-0.024911
-0.350180
0
0
-0.7533
-0.0013
0.6577
-0.063467
-0.024922
-0.325235
0
0
-0.7533
-0.0013
0.6577
-0.063505
0.025542
-0.325180
0
0
-0.7533
-0.0013
0.6577
-0.085246
-0.024911
-0.350180
0
0
-0.7533
-0.0013
0.6577
-0.063505
0.025542
-0.325180
0
0
-0.7533
-0.0013
0.6577
-0.085285
0.025553
-0.350125
0
0
-0.7533
-0.0013
0.6577
-0.026099
-0.024875
-0.342197
0
0
0.9901
0.0009
-0.1404
-0.029443
-0.024851
-0.365779
0
0
0.9901
0.0009
-0.1404
-0.029481
0.025612
-0.365723
0
0
0.9901
0.0009
-0.1404
-0.026099
-0.024875
-0.342197
0
0
0.9901
0.0009
-0.1404
-0.029481
0.025612
-0.365723
0
0
0.9901
0.0009
-0.1404
-0.026137
0.025589
-0.342141
0
0
0.9901
0.0009
-0.1404
-0.038462
0.025563
-0.327400
0
0
0.0883
-0.0010
0.9961
-0.063505
0.025542
-0.325180
0
0
0.0883
-0.0010
0.9961
-0.063467
-0.024922
-0.325235
0
0
0.0883
-0.0010
0.9961
-0.038462
0.025563
-0.327400
0
0
0.0883
-0.0010
0.9961
-0.063467
-0.024922
-0.325235
0
0
0.0883
-0.0010
0.9961
-0.038424
-0.024900
-0.327456
0
0
0.0883
-0.0010
0.9961
-0.079025
0.025597
-0.386053
0
0
0.3796
0.0013
-0.9251
-0.029481
0.025612
-0.365723
0
0
0.3796
0.0013
-0.9251
-0.029443
-0.024851
-0.365779
0
0
0.3796
0.0013
-0.9251
-0.079025
0.025597
-0.386053
0
0
0.3796
0.0013
-0.9251
-0.029443
-0.024851
-0.365779
0
0
0.3796
0.0013
-0.9251
-0.078987
-0.024866
-0.386108
0
0
0.3796
0.0013
-0.9251
-0.080074
0.024349
-0.149832
0
0
-0.7928
0.0001
-0.6095
-0.061108
0.024391
-0.174503
0
0
-0.7928
0.0001
-0.6095
-0.061071
-0.024099
-0.174557
0
0
-0.7928
0.0001
-0.6095
-0.080074
0.024349
-0.149832
0
0
-0.7928
0.0001
-0.6095
-0.061071
-0.024099
-0.174557
0
0
-0.7928
0.0001
-0.6095
-0.080037
-0.024141
-0.149885
0
0
-0.7928
0.0001
-0.6095
-0.058394
-0.024160
-0.117205
0
0
0.6574
-0.0003
0.7536
-0.030662
-0.024112
-0.141395
0
0
0.6574
-0.0003
0.7536
-0.030699
0.024377
-0.141342
0
0
0.6574
-0.0003
0.7536
-0.058394
-0.024160
-0.117205
0
0
0.6574
-0.0003
0.7536
-0.030699
0.024377
-0.141342
0
0
0.6574
-0.0003
0.7536
-0.058431
0.024330
-0.117151
0
0
0.6574
-0.0003
0.7536
-0.080037
-0.024141
-0.149885
0
0
0.0008
-1.0000
-0.0011
-0.061071
-0.024099
-0.174557
0
0
0.0008
-1.0000
-0.0011
-0.041045
-0.024079
-0.178626
0
0
0.0008
-1.0000
-0.0011
-0.080037
-0.024141
-0.149885
0
0
0.0008
-1.0000
-0.0011
-0.041045
-0.024079
-0.178626
0
0
0.0008
-1.0000
-0.0011
-0.030662
-0.024112
-0.141395
0
0
0.0008
-1.0000
-0.0011
-0.080037
-0.024141
-0.149885
0
0
0.0008
-1.0000
-0.0011
-0.030662
-0.024112
-0.141395
0
0
0.0008
-1.0000
-0.0011
-0.058394
-0.024160
-0.117205
0
0
0.0008
-1.0000
-0.0011
-0.041045
-0.024079
-0.178626
0
0
0.9632
0.0010
-0.2686
-0.041082
0.024410
-0.178572
0
0
0.9632
0.0010
-0.2686
-0.030699
0.024377
-0.141342
0
0
0.9632
0.0010
-0.2686
-0.041045
-0.024079
-0.178626
0
0
0.9632
0.0010
-0.2686
-0.030699
0.024377
-0.141342
0
0
0.9632
0.0010
-0.2686
-0.030662
-0.024112
-0.141395
0
0
0.9632
0.0010
-0.2686
-0.061108
0.024391
-0.174503
0
0
-0.1991
0.0009
-0.9800
-0.041082
0.024410
-0.178572
0
0
-0.1991
0.0009
-0.9800
-0.041045
-0.024079
-0.178626
0
0
-0.1991
0.0009
-0.9800
-0.061108
0.024391
-0.174503
0
0
-0.1991
0.0009
-0.9800
-0.041045
-0.024079
-0.178626
0
0
-0.1991
0.0009
-0.9800
-0.061071
-0.024099
-0.174557
0
0
-0.1991
0.0009
-0.9800
-0.058431
0.024330
-0.117151
0
0
-0.0008
1.0000
0.0011
-0.030699
0.024377
-0.141342
0
0
-0.0008
1.0000
0.0011
-0.041082
0.024410
-0.178572
0
0
-0.0008
1.0000
0.0011
-0.058431
0.024330
-0.117151
0
0
-0.0008
1.0000
0.0011
-0.041082
0.024410
-0.178572
0
0
-0.0008
1.0000
0.0011
-0.061108
0.024391
-0.174503
0
0
-0.0008
1.0000
0.0011
-0.058431
0.024330
-0.117151
0
0
-0.0008
1.0000
0.0011
-0.061108
0.024391
-0.174503
0
0
-0.0008
1.0000
0.0011
-0.080074
0.024349
-0.149832
0
0
-0.0008
1.0000
0.0011
-0.015311
-0.023922
-0.437209
0
0
-0.9164
-0.0003
-0.4004
-0.023308
-0.023531
-0.418905
0
0
-0.9164
-0.0003
-0.4004
-0.023345
0.024418
-0.418852
0
0
-0.9164
-0.0003
-0.4004
-0.015311
-0.023922
-0.437209
0
0
-0.9164
-0.0003
-0.4004
-0.023345
0.024418
-0.418852
0
0
-0.9164
-0.0003
-0.4004
-0.015348
0.024862
-0.437156
0
0
-0.9164
-0.0003
-0.4004
-0.025590
-0.023439
-0.440655
0
0
-0.3179
-0.0013
0.9481
-0.015311
-0.023922
-0.437209
0
0
-0.3179
-0.0013
0.9481
-0.015348
0.024862
-0.437156
0
0
-0.3179
-0.0013
0.9481
-0.025590
-0.023439
-0.440655
0
0
-0.3179
-0.0013
0.9481
-0.015348
0.024862
-0.437156
0
0
-0.3179
-0.0013
0.9481
-0.025626
0.024371
-0.440602
0
0
-0.3179
-0.0013
0.9481
-0.025626
0.024371
-0.440602
0
0
0.0112
0.9991
-0.0412
-0.015348
0.024862
-0.437156
0
0
0.0112
0.9991
-0.0412
-0.004527
0.023491
-0.456211
0
0
0.0112
0.9991
-0.0412
-0.025626
0.024371
-0.440602
0
0
0.0112
0.9991
-0.0412
-0.004527
0.023491
-0.456211
0
0
0.0112
0.9991
-0.0412
-0.030899
0.023579
-0.472458
0
0
0.0112
0.9991
-0.0412
-0.030864
-0.022585
-0.472509
0
0
0.0127
-0.9990
-0.0434
-0.004492
-0.022493
-0.456262
0
0
0.0127
-0.9990
-0.0434
-0.015311
-0.023922
-0.437209
0
0
0.0127
-0.9990
-0.0434
-0.030864
-0.022585
-0.472509
0
0
0.0127
-0.9990
-0.0434
-0.015311
-0.023922
-0.437209
0
0
0.0127
-0.9990
-0.0434
-0.025590
-0.023439
-0.440655
0
0
0.0127
-0.9990
-0.0434
-0.030899
0.023579
-0.472458
0
0
0.5245
0.0013
-0.8514
-0.004527
0.023491
-0.456211
0
0
0.5245
0.0013
-0.8514
-0.004492
-0.022493
-0.456262
0
0
0.5245
0.0013
-0.8514
-0.030899
0.023579
-0.472458
0
0
0.5245
0.0013
-0.8514
-0.004492
-0.022493
-0.456262
0
0
0.5245
0.0013
-0.8514
-0.030864
-0.022585
-0.472509
0
0
0.5245
0.0013
-0.8514
-0.004001
-0.022479
-0.410436
0
0
0.0619
-0.9980
0.0115
-0.028701
-0.023361
-0.374966
0
0
0.0619
-0.9980
0.0115
-0.036085
-0.024379
-0.402634
0
0
0.0619
-0.9980
0.0115
-0.004001
-0.022479
-0.410436
0
0
0.0619
-0.9980
0.0115
-0.036085
-0.024379
-0.402634
0
0
0.0619
-0.9980
0.0115
-0.023308
-0.023531
-0.418905
0
0
0.0619
-0.9980
0.0115
-0.015348
0.024862
-0.437156
0
0
0.0864
0.9961
0.0188
-0.023345
0.024418
-0.418852
0
0
0.0864
0.9961
0.0188
-0.004036
0.023376
-0.410385
0
0
0.0864
0.9961
0.0188
-0.015348
0.024862
-0.437156
0
0
0.0864
0.9961
0.0188
-0.004036
0.023376
-0.410385
0
0
0.0864
0.9961
0.0188
-0.004527
0.023491
-0.456211
0
0
0.0864
0.9961
0.0188
-0.004492
-0.022493
-0.456262
0
0
0.0879
-0.9960
0.0166
-0.004001
-0.022479
-0.410436
0
0
0.0879
-0.9960
0.0166
-0.023308
-0.023531
-0.418905
0
0
0.0879
-0.9960
0.0166
-0.004492
-0.022493
-0.456262
0
0
0.0879
-0.9960
0.0166
-0.023308
-0.023531
-0.418905
0
0
0.0879
-0.9960
0.0166
-0.015311
-0.023922
-0.437209
0
0
0.0879
-0.9960
0.0166
-0.004527
0.023491
-0.456211
0
0
0.9999
0.0008
-0.0107
-0.004036
0.023376
-0.410385
0
0
0.9999
0.0008
-0.0107
-0.004001
-0.022479
-0.410436
0
0
0.9999
0.0008
-0.0107
-0.004527
0.023491
-0.456211
0
0
0.9999
0.0008
-0.0107
-0.004001
-0.022479
-0.410436
0
0
0.9999
0.0008
-0.0107
-0.004492
-0.022493
-0.456262
0
0
0.9999
0.0008
-0.0107
-0.036085
-0.024379
-0.402634
0
0
-0.2726
0.0009
-0.9621
-0.055759
-0.024167
-0.397060
0
0
-0.2726
0.0009
-0.9621
-0.055796
0.024957
-0.397006
0
0
-0.2726
0.0009
-0.9621
-0.036085
-0.024379
-0.402634
0
0
-0.2726
0.0009
-0.9621
-0.055796
0.024957
-0.397006
0
0
-0.2726
0.0009
-0.9621
-0.036123
0.025211
-0.402579
0
0
-0.2726
0.0009
-0.9621
-0.004036
0.023376
-0.410385
0
0
0.8206
-0.0000
0.5715
-0.028737
0.024144
-0.374914
0
0
0.8206
-0.0000
0.5715
-0.028701
-0.023361
-0.374966
0
0
0.8206
-0.0000
0.5715
-0.004036
0.023376
-0.410385
0
0
0.8206
-0.0000
0.5715
-0.028701
-0.023361
-0.374966
0
0
0.8206
-0.0000
0.5715
-0.004001
-0.022479
-0.410436
0
0
0.8206
-0.0000
0.5715
-0.023308
-0.023531
-0.418905
0
0
-0.7865
0.0001
-0.6176
-0.036085
-0.024379
-0.402634
0
0
-0.7865
0.0001
-0.6176
-0.036123
0.025211
-0.402579
0
0
-0.7865
0.0001
-0.6176
-0.023308
-0.023531
-0.418905
0
0
-0.7865
0.0001
-0.6176
-0.036123
0.025211
-0.402579
0
0
-0.7865
0.0001
-0.6176
-0.023345
0.024418
-0.418852
0
0
-0.7865
0.0001
-0.6176
-0.023345
0.024418
-0.418852
0
0
0.0604
0.9981
0.0136
-0.036123
0.025211
-0.402579
0
0
0.0604
0.9981
0.0136
-0.028737
0.024144
-0.374914
0
0
0.0604
0.9981
0.0136
-0.023345
0.024418
-0.418852
0
0
0.0604
0.9981
0.0136
-0.028737
0.024144
-0.374914
0
0
0.0604
0.9981
0.0136
-0.004036
0.023376
-0.410385
0
0
0.0604
0.9981
0.0136
-0.055796
0.024957
-0.397006
0
0
-0.0159
0.9986
0.0511
-0.061791
0.025803
-0.408071
0
0
-0.0159
0.9986
0.0511
-0.098485
0.024071
-0.392951
0
0
-0.0159
0.9986
0.0511
-0.055796
0.024957
-0.397006
0
0
-0.0159
0.9986
0.0511
-0.098485
0.024071
-0.392951
0
0
-0.0159
0.9986
0.0511
-0.062998
0.024242
-0.377924
0
0
-0.0159
0.9986
0.0511
-0.036123
0.025211
-0.402579
0
0
-0.0011
0.9993
0.0381
-0.055796
0.024957
-0.397006
0
0
-0.0011
0.9993
0.0381
-0.062998
0.024242
-0.377924
0
0
-0.0011
0.9993
0.0381
-0.036123
0.025211
-0.402579
0
0
-0.0011
0.9993
0.0381
-0.062998
0.024242
-0.377924
0
0
-0.0011
0.9993
0.0381
-0.028737
0.024144
-0.374914
0
0
-0.0011
0.9993
0.0381
-0.028701
-0.023361
-0.374966
0
0
0.0004
-0.9994
0.0359
-0.062961
-0.023505
-0.377976
0
0
0.0004
-0.9994
0.0359
-0.055759
-0.024167
-0.397060
0
0
0.0004
-0.9994
0.0359
-0.028701
-0.023361
-0.374966
0
0
0.0004
-0.9994
0.0359
-0.055759
-0.024167
-0.397060
0
0
0.0004
-0.9994
0.0359
-0.036085
-0.024379
-0.402634
0
0
0.0004
-0.9994
0.0359
-0.028737
0.024144
-0.374914
0
0
-0.0875
-0.0012
0.9962
-0.062998
0.024242
-0.377924
0
0
-0.0875
-0.0012
0.9962
-0.062961
-0.023505
-0.377976
0
0
-0.0875
-0.0012
0.9962
-0.028737
0.024144
-0.374914
0
0
-0.0875
-0.0012
0.9962
-0.062961
-0.023505
-0.377976
0
0
-0.0875
-0.0012
0.9962
-0.028701
-0.023361
-0.374966
0
0
-0.0875
-0.0012
0.9962
-0.061791
0.025803
-0.408071
0
0
-0.0259
0.9989
-0.0389
-0.058585
0.024065
-0.416955
0
0
-0.0259
0.9989
-0.0389
-0.065516
0.024151
-0.426650
0
0
-0.0259
0.9989
-0.0389
-0.061791
0.025803
-0.408071
0
0
-0.0259
0.9989
-0.0389
-0.065516
0.024151
-0.426650
0
0
-0.0259
0.9989
-0.0389
-0.077658
0.024119
-0.430898
0
0
-0.0259
0.9989
-0.0389
-0.061791
0.025803
-0.408071
0
0
-0.0259
0.9989
-0.0389
-0.077658
0.024119
-0.430898
0
0
-0.0259
0.9989
-0.0389
-0.091353
0.023999
-0.423283
0
0
-0.0259
0.9989
-0.0389
-0.061791
0.025803
-0.408071
0
0
-0.0259
0.9989
-0.0389
-0.091353
0.023999
-0.423283
0
0
-0.0259
0.9989
-0.0389
-0.098485
0.024071
-0.392951
0
0
-0.0259
0.9989
-0.0389
-0.062961
-0.023505
-0.377976
0
0
-0.0144
-0.9987
0.0489
-0.098449
-0.023355
-0.393003
0
0
-0.0144
-0.9987
0.0489
-0.061752
-0.024998
-0.408127
0
0
-0.0144
-0.9987
0.0489
-0.062961
-0.023505
-0.377976
0
0
-0.0144
-0.9987
0.0489
-0.061752
-0.024998
-0.408127
0
0
-0.0144
-0.9987
0.0489
-0.055759
-0.024167
-0.397060
0
0
-0.0144
-0.9987
0.0489
-0.062998
0.024242
-0.377924
0
0
-0.3899
-0.0013
0.9208
-0.098485
0.024071
-0.392951
0
0
-0.3899
-0.0013
0.9208
-0.098449
-0.023355
-0.393003
0
0
-0.3899
-0.0013
0.9208
-0.062998
0.024242
-0.377924
0
0
-0.3899
-0.0013
0.9208
-0.098449
-0.023355
-0.393003
0
0
-0.3899
-0.0013
0.9208
-0.062961
-0.023505
-0.377976
0
0
-0.3899
-0.0013
0.9208
-0.055759
-0.024167
-0.397060
0
0
0.8793
0.0012
-0.4763
-0.061752
-0.024998
-0.408127
0
0
0.8793
0.0012
-0.4763
-0.061791
0.025803
-0.408071
0
0
0.8793
0.0012
-0.4763
-0.055759
-0.024167
-0.397060
0
0
0.8793
0.0012
-0.4763
-0.061791
0.025803
-0.408071
0
0
0.8793
0.0012
-0.4763
-0.055796
0.024957
-0.397006
0
0
0.8793
0.0012
-0.4763
-0.098449
-0.023355
-0.393003
0
0
-0.0244
-0.9989
-0.0411
-0.091318
-0.023205
-0.423335
0
0
-0.0244
-0.9989
-0.0411
-0.077622
-0.023288
-0.430950
0
0
-0.0244
-0.9989
-0.0411
-0.098449
-0.023355
-0.393003
0
0
-0.0244
-0.9989
-0.0411
-0.077622
-0.023288
-0.430950
0
0
-0.0244
-0.9989
-0.0411
-0.065480
-0.023310
-0.426702
0
0
-0.0244
-0.9989
-0.0411
-0.098449
-0.023355
-0.393003
0
0
-0.0244
-0.9989
-0.0411
-0.065480
-0.023310
-0.426702
0
0
-0.0244
-0.9989
-0.0411
-0.058549
-0.023235
-0.417007
0
0
-0.0244
-0.9989
-0.0411
-0.098449
-0.023355
-0.393003
0
0
-0.0244
-0.9989
-0.0411
-0.058549
-0.023235
-0.417007
0
0
-0.0244
-0.9989
-0.0411
-0.061752
-0.024998
-0.408127
0
0
-0.0244
-0.9989
-0.0411
-0.065480
-0.023310
-0.426702
0
0
0.3302
0.0013
-0.9439
-0.077622
-0.023288
-0.430950
0
0
0.3302
0.0013
-0.9439
-0.077658
0.024119
-0.430898
0
0
0.3302
0.0013
-0.9439
-0.065480
-0.023310
-0.426702
0
0
0.3302
0.0013
-0.9439
-0.077658
0.024119
-0.430898
0
0
0.3302
0.0013
-0.9439
-0.065516
0.024151
-0.426650
0
0
0.3302
0.0013
-0.9439
-0.061752
-0.024998
-0.408127
0
0
0.9407
0.0003
0.3393
-0.058549
-0.023235
-0.417007
0
0
0.9407
0.0003
0.3393
-0.058585
0.024065
-0.416955
0
0
0.9407
0.0003
0.3393
-0.061752
-0.024998
-0.408127
0
0
0.9407
0.0003
0.3393
-0.058585
0.024065
-0.416955
0
0
0.9407
0.0003
0.3393
-0.061791
0.025803
-0.408071
0
0
0.9407
0.0003
0.3393
-0.077622
-0.023288
-0.430950
0
0
-0.4860
0.0006
-0.8740
-0.091318
-0.023205
-0.423335
0
0
-0.4860
0.0006
-0.8740
-0.091353
0.023999
-0.423283
0
0
-0.4860
0.0006
-0.8740
-0.077622
-0.023288
-0.430950
0
0
-0.4860
0.0006
-0.8740
-0.091353
0.023999
-0.423283
0
0
-0.4860
0.0006
-0.8740
-0.077658
0.024119
-0.430898
0
0
-0.4860
0.0006
-0.8740
-0.065516
0.024151
-0.426650
0
0
0.8135
0.0013
-0.5815
-0.058585
0.024065
-0.416955
0
0
0.8135
0.0013
-0.5815
-0.058549
-0.023235
-0.417007
0
0
0.8135
0.0013
-0.5815
-0.065516
0.024151
-0.426650
0
0
0.8135
0.0013
-0.5815
-0.058549
-0.023235
-0.417007
0
0
0.8135
0.0013
-0.5815
-0.065480
-0.023310
-0.426702
0
0
0.8135
0.0013
-0.5815
-0.098485
0.024071
-0.392951
0
0
-0.9735
-0.0005
-0.2289
-0.091353
0.023999
-0.423283
0
0
-0.9735
-0.0005
-0.2289
-0.091318
-0.023205
-0.423335
0
0
-0.9735
-0.0005
-0.2289
-0.098485
0.024071
-0.392951
0
0
-0.9735
-0.0005
-0.2289
-0.091318
-0.023205
-0.423335
0
0
-0.9735
-0.0005
-0.2289
-0.098449
-0.023355
-0.393003
0
0
-0.9735
-0.0005
-0.2289
-0.025626
0.024371
-0.440602
0
0
0.4238
-0.0007
0.9058
-0.040103
0.023449
-0.433831
0
0
0.4238
-0.0007
0.9058
-0.040068
-0.022554
-0.433881
0
0
0.4238
-0.0007
0.9058
-0.025626
0.024371
-0.440602
0
0
0.4238
-0.0007
0.9058
-0.040068
-0.022554
-0.433881
0
0
0.4238
-0.0007
0.9058
-0.025590
-0.023439
-0.440655
0
0
0.4238
-0.0007
0.9058
-0.030864
-0.022585
-0.472509
0
0
-0.1650
0.0010
-0.9863
-0.052910
-0.022319
-0.468822
0
0
-0.1650
0.0010
-0.9863
-0.052944
0.023271
-0.468771
0
0
-0.1650
0.0010
-0.9863
-0.030864
-0.022585
-0.472509
0
0
-0.1650
0.0010
-0.9863
-0.052944
0.023271
-0.468771
0
0
-0.1650
0.0010
-0.9863
-0.030899
0.023579
-0.472458
0
0
-0.1650
0.0010
-0.9863
-0.025590
-0.023439
-0.440655
0
0
-0.0312
-0.9995
-0.0048
-0.040068
-0.022554
-0.433881
0
0
-0.0312
-0.9995
-0.0048
-0.055438
-0.022200
-0.441158
0
0
-0.0312
-0.9995
-0.0048
-0.025590
-0.023439
-0.440655
0
0
-0.0312
-0.9995
-0.0048
-0.055438
-0.022200
-0.441158
0
0
-0.0312
-0.9995
-0.0048
-0.052910
-0.022319
-0.468822
0
0
-0.0312
-0.9995
-0.0048
-0.025590
-0.023439
-0.440655
0
0
-0.0312
-0.9995
-0.0048
-0.052910
-0.022319
-0.468822
0
0
-0.0312
-0.9995
-0.0048
-0.030864
-0.022585
-0.472509
0
0
-0.0312
-0.9995
-0.0048
-0.055438
-0.022200
-0.441158
0
0
-0.9958
-0.0007
-0.0910
-0.055472
0.023088
-0.441109
0
0
-0.9958
-0.0007
-0.0910
-0.052944
0.023271
-0.468771
0
0
-0.9958
-0.0007
-0.0910
-0.055438
-0.022200
-0.441158
0
0
-0.9958
-0.0007
-0.0910
-0.052944
0.023271
-0.468771
0
0
-0.9958
-0.0007
-0.0910
-0.052910
-0.022319
-0.468822
0
0
-0.9958
-0.0007
-0.0910
-0.040103
0.023449
-0.433831
0
0
-0.4279
-0.0013
0.9038
-0.055472
0.023088
-0.441109
0
0
-0.4279
-0.0013
0.9038
-0.055438
-0.022200
-0.441158
0
0
-0.4279
-0.0013
0.9038
-0.040103
0.023449
-0.433831
0
0
-0.4279
-0.0013
0.9038
-0.055438
-0.022200
-0.441158
0
0
-0.4279
-0.0013
0.9038
-0.040068
-0.022554
-0.433881
0
0
-0.4279
-0.0013
0.9038
-0.030899
0.023579
-0.472458
0
0
-0.0327
0.9995
-0.0026
-0.052944
0.023271
-0.468771
0
0
-0.0327
0.9995
-0.0026
-0.055472
0.023088
-0.441109
0
0
-0.0327
0.9995
-0.0026
-0.030899
0.023579
-0.472458
0
0
-0.0327
0.9995
-0.0026
-0.055472
0.023088
-0.441109
0
0
-0.0327
0.9995
-0.0026
-0.040103
0.023449
-0.433831
0
0
-0.0327
0.9995
-0.0026
-0.030899
0.023579
-0.472458
0
0
-0.0327
0.9995
-0.0026
-0.040103
0.023449
-0.433831
0
0
-0.0327
0.9995
-0.0026
-0.025626
0.024371
-0.440602
0
0
-0.0327
0.9995
-0.0026
-0.132641
-0.024162
-0.166446
0
0
0.9288
0.0011
-0.3706
-0.158414
-0.024604
-0.231049
0
0
0.9288
0.0011
-0.3706
-0.158452
0.024872
-0.230994
0
0
0.9288
0.0011
-0.3706
-0.132641
-0.024162
-0.166446
0
0
0.9288
0.0011
-0.3706
-0.158452
0.024872
-0.230994
0
0
0.9288
0.0011
-0.3706
-0.132678
0.024327
-0.166393
0
0
0.9288
0.0011
-0.3706
-0.132678
0.024327
-0.166393
0
0
0.0010
1.0000
0.0072
-0.158452
0.024872
-0.230994
0
0
0.0010
1.0000
0.0072
-0.203316
0.024833
-0.226110
0
0
0.0010
1.0000
0.0072
-0.132678
0.024327
-0.166393
0
0
0.0010
1.0000
0.0072
-0.203316
0.024833
-0.226110
0
0
0.0010
1.0000
0.0072
-0.167331
0.024281
-0.148074
0
0
0.0010
1.0000
0.0072
0.018350
0.033912
-0.038913
0
0
0.8656
0.5007
-0.0001
0.018730
0.033363
0.459138
0
0
0.8656
0.5007
-0.0001
0.038302
-0.000476
0.459086
0
0
0.8656
0.5007
-0.0001
0.018350
0.033912
-0.038913
0
0
0.8656
0.5007
-0.0001
0.038302
-0.000476
0.459086
0
0
0.8656
0.5007
-0.0001
0.037922
0.000072
-0.038965
0
0
0.8656
0.5007
-0.0001
-0.020691
-0.033828
-0.038958
0
0
-0.8656
-0.5007
0.0001
-0.020311
-0.034376
0.459094
0
0
-0.8656
-0.5007
0.0001
-0.039883
-0.000536
0.459146
0
0
-0.8656
-0.5007
0.0001
-0.020691
-0.033828
-0.038958
0
0
-0.8656
-0.5007
0.0001
-0.039883
-0.000536
0.459146
0
0
-0.8656
-0.5007
0.0001
-0.040263
0.000012
-0.038906
0
0
-0.8656
-0.5007
0.0001
-0.040263
0.000012
-0.038906
0
0
-0.8664
0.4993
0.0012
-0.039883
-0.000536
0.459146
0
0
-0.8664
0.4993
0.0012
-0.020362
0.033334
0.459168
0
0
-0.8664
0.4993
0.0012
-0.040263
0.000012
-0.038906
0
0
-0.8664
0.4993
0.0012
-0.020362
0.033334
0.459168
0
0
-0.8664
0.4993
0.0012
-0.020742
0.033882
-0.038883
0
0
-0.8664
0.4993
0.0012
-0.020742
0.033882
-0.038883
0
0
-0.0008
1.0000
0.0011
-0.020362
0.033334
0.459168
0
0
-0.0008
1.0000
0.0011
0.018730
0.033363
0.459138
0
0
-0.0008
1.0000
0.0011
-0.020742
0.033882
-0.038883
0
0
-0.0008
1.0000
0.0011
0.018730
0.033363
0.459138
0
0
-0.0008
1.0000
0.0011
0.018350
0.033912
-0.038913
0
0
-0.0008
1.0000
0.0011
0.037922
0.000072
-0.038965
0
0
0.8664
-0.4993
-0.0012
0.038302
-0.000476
0.459086
0
0
0.8664
-0.4993
-0.0012
0.018781
-0.034346
0.459064
0
0
0.8664
-0.4993
-0.0012
0.037922
0.000072
-0.038965
0
0
0.8664
-0.4993
-0.0012
0.018781
-0.034346
0.459064
0
0
0.8664
-0.4993
-0.0012
0.018401
-0.033798
-0.038988
0
0
0.8664
-0.4993
-0.0012
0.018401
-0.033798
-0.038988
0
0
0.0008
-1.0000
-0.0011
0.018781
-0.034346
0.459064
0
0
0.0008
-1.0000
-0.0011
-0.020311
-0.034376
0.459094
0
0
0.0008
-1.0000
-0.0011
0.018401
-0.033798
-0.038988
0
0
0.0008
-1.0000
-0.0011
-0.020311
-0.034376
0.459094
0
0
0.0008
-1.0000
-0.0011
-0.020691
-0.033828
-0.038958
0
0
0.0008
-1.0000
-0.0011
0.021112
-0.038505
-0.123606
0
0
0.0003
-0.8873
-0.4612
-0.023524
-0.038538
-0.123572
0
0
0.0003
-0.8873
-0.4612
-0.013327
-0.020762
-0.157769
0
0
0.0003
-0.8873
-0.4612
0.021112
-0.038505
-0.123606
0
0
0.0003
-0.8873
-0.4612
-0.013327
-0.020762
-0.157769
0
0
0.0003
-0.8873
-0.4612
0.010836
-0.020744
-0.157788
0
0
0.0003
-0.8873
-0.4612
0.018401
-0.033798
-0.038988
0
0
0.0010
-0.5306
0.8476
-0.020691
-0.033828
-0.038958
0
0
0.0010
-0.5306
0.8476
-0.025910
-0.042869
-0.044612
0
0
0.0010
-0.5306
0.8476
0.018401
-0.033798
-0.038988
0
0
0.0010
-0.5306
0.8476
-0.025910
-0.042869
-0.044612
0
0
0.0010
-0.5306
0.8476
0.023625
-0.042832
-0.044650
0
0
0.0010
-0.5306
0.8476
0.021054
0.038809
-0.123520
0
0
-0.0011
0.8075
-0.5899
-0.023583
0.038775
-0.123486
0
0
-0.0011
0.8075
-0.5899
-0.026031
0.043009
-0.117687
0
0
-0.0011
0.8075
-0.5899
0.021054
0.038809
-0.123520
0
0
-0.0011
0.8075
-0.5899
-0.026031
0.043009
-0.117687
0
0
-0.0011
0.8075
-0.5899
0.023504
0.043046
-0.117725
0
0
-0.0011
0.8075
-0.5899
-0.020780
0.033936
-0.087577
0
0
0.0002
0.5555
0.8315
0.018313
0.033965
-0.087606
0
0
0.0002
0.5555
0.8315
0.023523
0.043020
-0.093657
0
0
0.0002
0.5555
0.8315
-0.020780
0.033936
-0.087577
0
0
0.0002
0.5555
0.8315
0.023523
0.043020
-0.093657
0
0
0.0002
0.5555
0.8315
-0.026013
0.042982
-0.093619
0
0
0.0002
0.5555
0.8315
0.037884
0.000125
-0.087659
0
0
0.4827
-0.2788
0.8302
0.018364
-0.033744
-0.087681
0
0
0.4827
-0.2788
0.8302
0.023588
-0.042778
-0.093752
0
0
0.4827
-0.2788
0.8302
0.037884
0.000125
-0.087659
0
0
0.4827
-0.2788
0.8302
0.023588
-0.042778
-0.093752
0
0
0.4827
-0.2788
0.8302
0.048323
0.000140
-0.093723
0
0
0.4827
-0.2788
0.8302
-0.020691
-0.033828
-0.038958
0
0
-0.4579
-0.2661
0.8482
-0.040263
0.000012
-0.038906
0
0
-0.4579
-0.2661
0.8482
-0.050710
0.000011
-0.044546
0
0
-0.4579
-0.2661
0.8482
-0.020691
-0.033828
-0.038958
0
0
-0.4579
-0.2661
0.8482
-0.050710
0.000011
-0.044546
0
0
-0.4579
-0.2661
0.8482
-0.025910
-0.042869
-0.044612
0
0
-0.4579
-0.2661
0.8482
-0.020770
0.033921
-0.074801
0
0
-0.3949
0.2282
-0.8900
-0.040290
0.000052
-0.074823
0
0
-0.3949
0.2282
-0.8900
-0.050730
0.000039
-0.070194
0
0
-0.3949
0.2282
-0.8900
-0.020770
0.033921
-0.074801
0
0
-0.3949
0.2282
-0.8900
-0.050730
0.000039
-0.070194
0
0
-0.3949
0.2282
-0.8900
-0.025995
0.042956
-0.070166
0
0
-0.3949
0.2282
-0.8900
-0.023524
-0.038538
-0.123572
0
0
0.0002
-0.8062
-0.5917
0.021112
-0.038505
-0.123606
0
0
0.0002
-0.8062
-0.5917
0.023569
-0.042751
-0.117819
0
0
0.0002
-0.8062
-0.5917
-0.023524
-0.038538
-0.123572
0
0
0.0002
-0.8062
-0.5917
0.023569
-0.042751
-0.117819
0
0
0.0002
-0.8062
-0.5917
-0.025966
-0.042789
-0.117781
0
0
0.0002
-0.8062
-0.5917
0.037884
0.000125
-0.087659
0
0
0.8664
-0.4993
-0.0012
0.037894
0.000111
-0.074883
0
0
0.8664
-0.4993
-0.0012
0.018374
-0.033758
-0.074905
0
0
0.8664
-0.4993
-0.0012
0.037884
0.000125
-0.087659
0
0
0.8664
-0.4993
-0.0012
0.018374
-0.033758
-0.074905
0
0
0.8664
-0.4993
-0.0012
0.018364
-0.033744
-0.087681
0
0
0.8664
-0.4993
-0.0012
-0.040263
0.000012
-0.038906
0
0
-0.4583
0.2636
0.8488
-0.020742
0.033882
-0.038883
0
0
-0.4583
0.2636
0.8488
-0.025975
0.042928
-0.044517
0
0
-0.4583
0.2636
0.8488
-0.040263
0.000012
-0.038906
0
0
-0.4583
0.2636
0.8488
-0.025975
0.042928
-0.044517
0
0
-0.4583
0.2636
0.8488
-0.050710
0.000011
-0.044546
0
0
-0.4583
0.2636
0.8488
0.018364
-0.033744
-0.087681
0
0
0.0008
-1.0000
-0.0011
0.018374
-0.033758
-0.074905
0
0
0.0008
-1.0000
-0.0011
-0.020718
-0.033788
-0.074875
0
0
0.0008
-1.0000
-0.0011
0.018364
-0.033744
-0.087681
0
0
0.0008
-1.0000
-0.0011
-0.020718
-0.033788
-0.074875
0
0
0.0008
-1.0000
-0.0011
-0.020728
-0.033774
-0.087651
0
0
0.0008
-1.0000
-0.0011
-0.040300
0.000066
-0.087599
0
0
-0.4815
0.2769
0.8316
-0.020780
0.033936
-0.087577
0
0
-0.4815
0.2769
0.8316
-0.026013
0.042982
-0.093619
0
0
-0.4815
0.2769
0.8316
-0.040300
0.000066
-0.087599
0
0
-0.4815
0.2769
0.8316
-0.026013
0.042982
-0.093619
0
0
-0.4815
0.2769
0.8316
-0.050748
0.000065
-0.093648
0
0
-0.4815
0.2769
0.8316
-0.020728
-0.033774
-0.087651
0
0
-0.8656
-0.5007
0.0001
-0.020718
-0.033788
-0.074875
0
0
-0.8656
-0.5007
0.0001
-0.040290
0.000052
-0.074823
0
0
-0.8656
-0.5007
0.0001
-0.020728
-0.033774
-0.087651
0
0
-0.8656
-0.5007
0.0001
-0.040290
0.000052
-0.074823
0
0
-0.8656
-0.5007
0.0001
-0.040300
0.000066
-0.087599
0
0
-0.8656
-0.5007
0.0001
-0.020742
0.033882
-0.038883
0
0
0.0002
0.5288
0.8488
0.018350
0.033912
-0.038913
0
0
0.0002
0.5288
0.8488
0.023560
0.042966
-0.044555
0
0
0.0002
0.5288
0.8488
-0.020742
0.033882
-0.038883
0
0
0.0002
0.5288
0.8488
0.023560
0.042966
-0.044555
0
0
0.0002
0.5288
0.8488
-0.025975
0.042928
-0.044517
0
0
0.0002
0.5288
0.8488
-0.040300
0.000066
-0.087599
0
0
-0.8664
0.4993
0.0012
-0.040290
0.000052
-0.074823
0
0
-0.8664
0.4993
0.0012
-0.020770
0.033921
-0.074801
0
0
-0.8664
0.4993
0.0012
-0.040300
0.000066
-0.087599
0
0
-0.8664
0.4993
0.0012
-0.020770
0.033921
-0.074801
0
0
-0.8664
0.4993
0.0012
-0.020780
0.033936
-0.087577
0
0
-0.8664
0.4993
0.0012
-0.023583
0.038775
-0.123486
0
0
-0.6995
0.4035
-0.5898
-0.045872
0.000101
-0.123512
0
0
-0.6995
0.4035
-0.5898
-0.050766
0.000091
-0.117715
0
0
-0.6995
0.4035
-0.5898
-0.023583
0.038775
-0.123486
0
0
-0.6995
0.4035
-0.5898
-0.050766
0.000091
-0.117715
0
0
-0.6995
0.4035
-0.5898
-0.026031
0.043009
-0.117687
0
0
-0.6995
0.4035
-0.5898
-0.020780
0.033936
-0.087577
0
0
-0.0008
1.0000
0.0011
-0.020770
0.033921
-0.074801
0
0
-0.0008
1.0000
0.0011
0.018322
0.033951
-0.074830
0
0
-0.0008
1.0000
0.0011
-0.020780
0.033936
-0.087577
0
0
-0.0008
1.0000
0.0011
0.018322
0.033951
-0.074830
0
0
-0.0008
1.0000
0.0011
0.018313
0.033965
-0.087606
0
0
-0.0008
1.0000
0.0011
-0.040290
0.000052
-0.074823
0
0
-0.3945
-0.2268
-0.8905
-0.020718
-0.033788
-0.074875
0
0
-0.3945
-0.2268
-0.8905
-0.025930
-0.042841
-0.070260
0
0
-0.3945
-0.2268
-0.8905
-0.040290
0.000052
-0.074823
0
0
-0.3945
-0.2268
-0.8905
-0.025930
-0.042841
-0.070260
0
0
-0.3945
-0.2268
-0.8905
-0.050730
0.000039
-0.070194
0
0
-0.3945
-0.2268
-0.8905
0.018313
0.033965
-0.087606
0
0
0.8656
0.5007
-0.0001
0.018322
0.033951
-0.074830
0
0
0.8656
0.5007
-0.0001
0.037894
0.000111
-0.074883
0
0
0.8656
0.5007
-0.0001
0.018313
0.033965
-0.087606
0
0
0.8656
0.5007
-0.0001
0.037894
0.000111
-0.074883
0
0
0.8656
0.5007
-0.0001
0.037884
0.000125
-0.087659
0
0
0.8656
0.5007
-0.0001
0.023541
0.042994
-0.070204
0
0
0.8656
0.5007
-0.0001
0.023560
0.042966
-0.044555
0
0
0.8656
0.5007
-0.0001
0.048360
0.000086
-0.044621
0
0
0.8656
0.5007
-0.0001
0.023541
0.042994
-0.070204
0
0
0.8656
0.5007
-0.0001
0.048360
0.000086
-0.044621
0
0
0.8656
0.5007
-0.0001
0.048341
0.000114
-0.070270
0
0
0.8656
0.5007
-0.0001
-0.025995
0.042956
-0.070166
0
0
-0.0008
1.0000
0.0011
-0.025975
0.042928
-0.044517
0
0
-0.0008
1.0000
0.0011
0.023560
0.042966
-0.044555
0
0
-0.0008
1.0000
0.0011
-0.025995
0.042956
-0.070166
0
0
-0.0008
1.0000
0.0011
0.023560
0.042966
-0.044555
0
0
-0.0008
1.0000
0.0011
0.023541
0.042994
-0.070204
0
0
-0.0008
1.0000
0.0011
-0.050730
0.000039
-0.070194
0
0
-0.8664
0.4993
0.0012
-0.050710
0.000011
-0.044546
0
0
-0.8664
0.4993
0.0012
-0.025975
0.042928
-0.044517
0
0
-0.8664
0.4993
0.0012
-0.050730
0.000039
-0.070194
0
0
-0.8664
0.4993
0.0012
-0.025975
0.042928
-0.044517
0
0
-0.8664
0.4993
0.0012
-0.025995
0.042956
-0.070166
0
0
-0.8664
0.4993
0.0012
-0.025930
-0.042841
-0.070260
0
0
-0.8656
-0.5007
0.0001
-0.025910
-0.042869
-0.044612
0
0
-0.8656
-0.5007
0.0001
-0.050710
0.000011
-0.044546
0
0
-0.8656
-0.5007
0.0001
-0.025930
-0.042841
-0.070260
0
0
-0.8656
-0.5007
0.0001
-0.050710
0.000011
-0.044546
0
0
-0.8656
-0.5007
0.0001
-0.050730
0.000039
-0.070194
0
0
-0.8656
-0.5007
0.0001
0.023606
-0.042804
-0.070298
0
0
0.0008
-1.0000
-0.0011
0.023625
-0.042832
-0.044650
0
0
0.0008
-1.0000
-0.0011
-0.025910
-0.042869
-0.044612
0
0
0.0008
-1.0000
-0.0011
0.023606
-0.042804
-0.070298
0
0
0.0008
-1.0000
-0.0011
-0.025910
-0.042869
-0.044612
0
0
0.0008
-1.0000
-0.0011
-0.025930
-0.042841
-0.070260
0
0
0.0008
-1.0000
-0.0011
0.048341
0.000114
-0.070270
0
0
0.8664
-0.4993
-0.0012
0.048360
0.000086
-0.044621
0
0
0.8664
-0.4993
-0.0012
0.023625
-0.042832
-0.044650
0
0
0.8664
-0.4993
-0.0012
0.048341
0.000114
-0.070270
0
0
0.8664
-0.4993
-0.0012
0.023625
-0.042832
-0.044650
0
0
0.8664
-0.4993
-0.0012
0.023606
-0.042804
-0.070298
0
0
0.8664
-0.4993
-0.0012
0.048304
0.000166
-0.117791
0
0
0.8664
-0.4993
-0.0012
0.048323
0.000140
-0.093723
0
0
0.8664
-0.4993
-0.0012
0.023588
-0.042778
-0.093752
0
0
0.8664
-0.4993
-0.0012
0.048304
0.000166
-0.117791
0
0
0.8664
-0.4993
-0.0012
0.023588
-0.042778
-0.093752
0
0
0.8664
-0.4993
-0.0012
0.023569
-0.042751
-0.117819
0
0
0.8664
-0.4993
-0.0012
0.023569
-0.042751
-0.117819
0
0
0.0008
-1.0000
-0.0011
0.023588
-0.042778
-0.093752
0
0
0.0008
-1.0000
-0.0011
-0.025948
-0.042815
-0.093714
0
0
0.0008
-1.0000
-0.0011
0.023569
-0.042751
-0.117819
0
0
0.0008
-1.0000
-0.0011
-0.025948
-0.042815
-0.093714
0
0
0.0008
-1.0000
-0.0011
-0.025966
-0.042789
-0.117781
0
0
0.0008
-1.0000
-0.0011
-0.025966
-0.042789
-0.117781
0
0
-0.8656
-0.5007
0.0001
-0.025948
-0.042815
-0.093714
0
0
-0.8656
-0.5007
0.0001
-0.050748
0.000065
-0.093648
0
0
-0.8656
-0.5007
0.0001
-0.025966
-0.042789
-0.117781
0
0
-0.8656
-0.5007
0.0001
-0.050748
0.000065
-0.093648
0
0
-0.8656
-0.5007
0.0001
-0.050766
0.000091
-0.117715
0
0
-0.8656
-0.5007
0.0001
-0.050766
0.000091
-0.117715
0
0
-0.8664
0.4993
0.0012
-0.050748
0.000065
-0.093648
0
0
-0.8664
0.4993
0.0012
-0.026013
0.042982
-0.093619
0
0
-0.8664
0.4993
0.0012
-0.050766
0.000091
-0.117715
0
0
-0.8664
0.4993
0.0012
-0.026013
0.042982
-0.093619
0
0
-0.8664
0.4993
0.0012
-0.026031
0.043009
-0.117687
0
0
-0.8664
0.4993
0.0012
-0.026031
0.043009
-0.117687
0
0
-0.0008
1.0000
0.0011
-0.026013
0.042982
-0.093619
0
0
-0.0008
1.0000
0.0011
0.023523
0.043020
-0.093657
0
0
-0.0008
1.0000
0.0011
-0.026031
0.043009
-0.117687
0
0
-0.0008
1.0000
0.0011
0.023523
0.043020
-0.093657
0
0
-0.0008
1.0000
0.0011
0.023504
0.043046
-0.117725
0
0
-0.0008
1.0000
0.0011
0.023504
0.043046
-0.117725
0
0
0.8656
0.5007
-0.0001
0.023523
0.043020
-0.093657
0
0
0.8656
0.5007
-0.0001
0.048323
0.000140
-0.093723
0
0
0.8656
0.5007
-0.0001
0.023504
0.043046
-0.117725
0
0
0.8656
0.5007
-0.0001
0.048323
0.000140
-0.093723
0
0
0.8656
0.5007
-0.0001
0.048304
0.000166
-0.117791
0
0
0.8656
0.5007
-0.0001
0.018374
-0.033758
-0.074905
0
0
0.3935
-0.2262
-0.8911
0.037894
0.000111
-0.074883
0
0
0.3935
-0.2262
-0.8911
0.048341
0.000114
-0.070270
0
0
0.3935
-0.2262
-0.8911
0.018374
-0.033758
-0.074905
0
0
0.3935
-0.2262
-0.8911
0.048341
0.000114
-0.070270
0
0
0.3935
-0.2262
-0.8911
0.023606
-0.042804
-0.070298
0
0
0.3935
-0.2262
-0.8911
0.018322
0.033951
-0.074830
0
0
-0.0010
0.4560
-0.8900
-0.020770
0.033921
-0.074801
0
0
-0.0010
0.4560
-0.8900
-0.025995
0.042956
-0.070166
0
0
-0.0010
0.4560
-0.8900
0.018322
0.033951
-0.074830
0
0
-0.0010
0.4560
-0.8900
-0.025995
0.042956
-0.070166
0
0
-0.0010
0.4560
-0.8900
0.023541
0.042994
-0.070204
0
0
-0.0010
0.4560
-0.8900
0.037922
0.000072
-0.038965
0
0
0.4596
-0.2654
0.8475
0.018401
-0.033798
-0.038988
0
0
0.4596
-0.2654
0.8475
0.023625
-0.042832
-0.044650
0
0
0.4596
-0.2654
0.8475
0.037922
0.000072
-0.038965
0
0
0.4596
-0.2654
0.8475
0.023625
-0.042832
-0.044650
0
0
0.4596
-0.2654
0.8475
0.048360
0.000086
-0.044621
0
0
0.4596
-0.2654
0.8475
0.018364
-0.033744
-0.087681
0
0
0.0011
-0.5574
0.8303
-0.020728
-0.033774
-0.087651
0
0
0.0011
-0.5574
0.8303
-0.025948
-0.042815
-0.093714
0
0
0.0011
-0.5574
0.8303
0.018364
-0.033744
-0.087681
0
0
0.0011
-0.5574
0.8303
-0.025948
-0.042815
-0.093714
0
0
0.0011
-0.5574
0.8303
0.023588
-0.042778
-0.093752
0
0
0.0011
-0.5574
0.8303
-0.045872
0.000101
-0.123512
0
0
-0.6989
-0.4033
-0.5907
-0.023524
-0.038538
-0.123572
0
0
-0.6989
-0.4033
-0.5907
-0.025966
-0.042789
-0.117781
0
0
-0.6989
-0.4033
-0.5907
-0.045872
0.000101
-0.123512
0
0
-0.6989
-0.4033
-0.5907
-0.025966
-0.042789
-0.117781
0
0
-0.6989
-0.4033
-0.5907
-0.050766
0.000091
-0.117715
0
0
-0.6989
-0.4033
-0.5907
0.021112
-0.038505
-0.123606
0
0
0.6986
-0.4022
-0.5918
0.043402
0.000169
-0.123580
0
0
0.6986
-0.4022
-0.5918
0.048304
0.000166
-0.117791
0
0
0.6986
-0.4022
-0.5918
0.021112
-0.038505
-0.123606
0
0
0.6986
-0.4022
-0.5918
0.048304
0.000166
-0.117791
0
0
0.6986
-0.4022
-0.5918
0.023569
-0.042751
-0.117819
0
0
0.6986
-0.4022
-0.5918
0.018313
0.033965
-0.087606
0
0
0.4823
0.2777
0.8308
0.037884
0.000125
-0.087659
0
0
0.4823
0.2777
0.8308
0.048323
0.000140
-0.093723
0
0
0.4823
0.2777
0.8308
0.018313
0.033965
-0.087606
0
0
0.4823
0.2777
0.8308
0.048323
0.000140
-0.093723
0
0
0.4823
0.2777
0.8308
0.023523
0.043020
-0.093657
0
0
0.4823
0.2777
0.8308
-0.020718
-0.033788
-0.074875
0
0
-0.0003
-0.4540
-0.8910
0.018374
-0.033758
-0.074905
0
0
-0.0003
-0.4540
-0.8910
0.023606
-0.042804
-0.070298
0
0
-0.0003
-0.4540
-0.8910
-0.020718
-0.033788
-0.074875
0
0
-0.0003
-0.4540
-0.8910
0.023606
-0.042804
-0.070298
0
0
-0.0003
-0.4540
-0.8910
-0.025930
-0.042841
-0.070260
0
0
-0.0003
-0.4540
-0.8910
0.037894
0.000111
-0.074883
0
0
0.3932
0.2288
-0.8906
0.018322
0.033951
-0.074830
0
0
0.3932
0.2288
-0.8906
0.023541
0.042994
-0.070204
0
0
0.3932
0.2288
-0.8906
0.037894
0.000111
-0.074883
0
0
0.3932
0.2288
-0.8906
0.023541
0.042994
-0.070204
0
0
0.3932
0.2288
-0.8906
0.048341
0.000114
-0.070270
0
0
0.3932
0.2288
-0.8906
0.043402
0.000169
-0.123580
0
0
0.6980
0.4046
-0.5909
0.021054
0.038809
-0.123520
0
0
0.6980
0.4046
-0.5909
0.023504
0.043046
-0.117725
0
0
0.6980
0.4046
-0.5909
0.043402
0.000169
-0.123580
0
0
0.6980
0.4046
-0.5909
0.023504
0.043046
-0.117725
0
0
0.6980
0.4046
-0.5909
0.048304
0.000166
-0.117791
0
0
0.6980
0.4046
-0.5909
-0.020728
-0.033774
-0.087651
0
0
-0.4810
-0.2795
0.8310
-0.040300
0.000066
-0.087599
0
0
-0.4810
-0.2795
0.8310
-0.050748
0.000065
-0.093648
0
0
-0.4810
-0.2795
0.8310
-0.020728
-0.033774
-0.087651
0
0
-0.4810
-0.2795
0.8310
-0.050748
0.000065
-0.093648
0
0
-0.4810
-0.2795
0.8310
-0.025948
-0.042815
-0.093714
0
0
-0.4810
-0.2795
0.8310
0.018350
0.033912
-0.038913
0
0
0.4592
0.2643
0.8481
0.037922
0.000072
-0.038965
0
0
0.4592
0.2643
0.8481
0.048360
0.000086
-0.044621
0
0
0.4592
0.2643
0.8481
0.018350
0.033912
-0.038913
0
0
0.4592
0.2643
0.8481
0.048360
0.000086
-0.044621
0
0
0.4592
0.2643
0.8481
0.023560
0.042966
-0.044555
0
0
0.4592
0.2643
0.8481
-0.023583
0.038775
-0.123486
0
0
-0.0010
0.8883
-0.4592
0.021054
0.038809
-0.123520
0
0
-0.0010
0.8883
-0.4592
0.010804
0.021107
-0.157742
0
0
-0.0010
0.8883
-0.4592
-0.023583
0.038775
-0.123486
0
0
-0.0010
0.8883
-0.4592
0.010804
0.021107
-0.157742
0
0
-0.0010
0.8883
-0.4592
-0.013359
0.021089
-0.157723
0
0
-0.0010
0.8883
-0.4592
0.043402
0.000169
-0.123580
0
0
0.7689
-0.4428
-0.4612
0.021112
-0.038505
-0.123606
0
0
0.7689
-0.4428
-0.4612
0.010836
-0.020744
-0.157788
0
0
0.7689
-0.4428
-0.4612
0.043402
0.000169
-0.123580
0
0
0.7689
-0.4428
-0.4612
0.010836
-0.020744
-0.157788
0
0
0.7689
-0.4428
-0.4612
0.022901
0.000191
-0.157774
0
0
0.7689
-0.4428
-0.4612
-0.023524
-0.038538
-0.123572
0
0
-0.7689
-0.4440
-0.4601
-0.045872
0.000101
-0.123512
0
0
-0.7689
-0.4440
-0.4601
-0.025424
0.000154
-0.157737
0
0
-0.7689
-0.4440
-0.4601
-0.023524
-0.038538
-0.123572
0
0
-0.7689
-0.4440
-0.4601
-0.025424
0.000154
-0.157737
0
0
-0.7689
-0.4440
-0.4601
-0.013327
-0.020762
-0.157769
0
0
-0.7689
-0.4440
-0.4601
0.021054
0.038809
-0.123520
0
0
0.7682
0.4450
-0.4603
0.043402
0.000169
-0.123580
0
0
0.7682
0.4450
-0.4603
0.022901
0.000191
-0.157774
0
0
0.7682
0.4450
-0.4603
0.021054
0.038809
-0.123520
0
0
0.7682
0.4450
-0.4603
0.022901
0.000191
-0.157774
0
0
0.7682
0.4450
-0.4603
0.010804
0.021107
-0.157742
0
0
0.7682
0.4450
-0.4603
-0.045872
0.000101
-0.123512
0
0
-0.7696
0.4438
-0.4591
-0.023583
0.038775
-0.123486
0
0
-0.7696
0.4438
-0.4591
-0.013359
0.021089
-0.157723
0
0
-0.7696
0.4438
-0.4591
-0.045872
0.000101
-0.123512
0
0
-0.7696
0.4438
-0.4591
-0.013359
0.021089
-0.157723
0
0
-0.7696
0.4438
-0.4591
-0.025424
0.000154
-0.157737
0
0
-0.7696
0.4438
-0.4591
0.010836
-0.020744
-0.157788
0
0
-0.0008
0.0011
-1.0000
-0.013327
-0.020762
-0.157769
0
0
-0.0008
0.0011
-1.0000
0.010804
0.021107
-0.157742
0
0
-0.0008
0.0011
-1.0000
0.010836
-0.020744
-0.157788
0
0
-0.0008
0.0011
-1.0000
0.010804
0.021107
-0.157742
0
0
-0.0008
0.0011
-1.0000
0.022901
0.000191
-0.157774
0
0
-0.0008
0.0011
-1.0000
-0.013327
-0.020762
-0.157769
0
0
-0.0008
0.0011
-1.0000
-0.025424
0.000154
-0.157737
0
0
-0.0008
0.0011
-1.0000
-0.013359
0.021089
-0.157723
0
0
-0.0008
0.0011
-1.0000
-0.013327
-0.020762
-0.157769
0
0
-0.0008
0.0011
-1.0000
-0.013359
0.021089
-0.157723
0
0
-0.0008
0.0011
-1.0000
0.010804
0.021107
-0.157742
0
0
-0.0008
0.0011
-1.0000
0.018781
-0.034346
0.459064
0
0
0.6132
-0.3539
0.7062
0.038302
-0.000476
0.459086
0
0
0.6132
-0.3539
0.7062
0.022587
-0.000503
0.472717
0
0
0.6132
-0.3539
0.7062
0.018781
-0.034346
0.459064
0
0
0.6132
-0.3539
0.7062
0.022587
-0.000503
0.472717
0
0
0.6132
-0.3539
0.7062
0.010919
-0.020749
0.472703
0
0
0.6132
-0.3539
0.7062
-0.020311
-0.034376
0.459094
0
0
0.0011
-0.7079
0.7063
0.018781
-0.034346
0.459064
0
0
0.0011
-0.7079
0.7063
0.010919
-0.020749
0.472703
0
0
0.0011
-0.7079
0.7063
-0.020311
-0.034376
0.459094
0
0
0.0011
-0.7079
0.7063
0.010919
-0.020749
0.472703
0
0
0.0011
-0.7079
0.7063
-0.012448
-0.020766
0.472721
0
0
0.0011
-0.7079
0.7063
-0.039883
-0.000536
0.459146
0
0
-0.6116
-0.3548
0.7072
-0.020311
-0.034376
0.459094
0
0
-0.6116
-0.3548
0.7072
-0.012448
-0.020766
0.472721
0
0
-0.6116
-0.3548
0.7072
-0.039883
-0.000536
0.459146
0
0
-0.6116
-0.3548
0.7072
-0.012448
-0.020766
0.472721
0
0
-0.6116
-0.3548
0.7072
-0.024147
-0.000539
0.472752
0
0
-0.6116
-0.3548
0.7072
-0.020362
0.033334
0.459168
0
0
-0.6121
0.3523
0.7080
-0.039883
-0.000536
0.459146
0
0
-0.6121
0.3523
0.7080
-0.024147
-0.000539
0.472752
0
0
-0.6121
0.3523
0.7080
-0.020362
0.033334
0.459168
0
0
-0.6121
0.3523
0.7080
-0.024147
-0.000539
0.472752
0
0
-0.6121
0.3523
0.7080
-0.012479
0.019706
0.472766
0
0
-0.6121
0.3523
0.7080
0.018730
0.033363
0.459138
0
0
0.0000
0.7063
0.7079
-0.020362
0.033334
0.459168
0
0
0.0000
0.7063
0.7079
-0.012479
0.019706
0.472766
0
0
0.0000
0.7063
0.7079
0.018730
0.033363
0.459138
0
0
0.0000
0.7063
0.7079
-0.012479
0.019706
0.472766
0
0
0.0000
0.7063
0.7079
0.010888
0.019724
0.472748
0
0
0.0000
0.7063
0.7079
0.038302
-0.000476
0.459086
0
0
0.6126
0.3532
0.7070
0.018730
0.033363
0.459138
0
0
0.6126
0.3532
0.7070
0.010888
0.019724
0.472748
0
0
0.6126
0.3532
0.7070
0.038302
-0.000476
0.459086
0
0
0.6126
0.3532
0.7070
0.010888
0.019724
0.472748
0
0
0.6126
0.3532
0.7070
0.022587
-0.000503
0.472717
0
0
0.6126
0.3532
0.7070
0.010919
-0.020749
0.472703
0
0
0.0008
-0.0011
1.0000
0.022587
-0.000503
0.472717
0
0
0.0008
-0.0011
1.0000
0.010888
0.019724
0.472748
0
0
0.0008
-0.0011
1.0000
0.010919
-0.020749
0.472703
0
0
0.0008
-0.0011
1.0000
0.010888
0.019724
0.472748
0
0
0.0008
-0.0011
1.0000
-0.012479
0.019706
0.472766
0
0
0.0008
-0.0011
1.0000
0.010919
-0.020749
0.472703
0
0
0.0008
-0.0011
1.0000
-0.012479
0.019706
0.472766
0
0
0.0008
-0.0011
1.0000
-0.024147
-0.000539
0.472752
0
0
0.0008
-0.0011
1.0000
0.010919
-0.020749
0.472703
0
0
0.0008
-0.0011
1.0000
-0.024147
-0.000539
0.472752
0
0
0.0008
-0.0011
1.0000
-0.012448
-0.020766
0.472721
0
0
0.0008
-0.0011
1.0000
0.179391
0.023188
0.263049
0
0
1.0000
0.0008
-0.0008
0.179426
0.023137
0.309512
0
0
1.0000
0.0008
-0.0008
0.179461
-0.023546
0.309460
0
0
1.0000
0.0008
-0.0008
0.179391
0.023188
0.263049
0
0
1.0000
0.0008
-0.0008
0.179461
-0.023546
0.309460
0
0
1.0000
0.0008
-0.0008
0.179426
-0.023495
0.262997
0
0
1.0000
0.0008
-0.0008
0.179519
-0.023629
0.384550
0
0
1.0000
0.0008
-0.0008
0.179483
-0.023578
0.338087
0
0
1.0000
0.0008
-0.0008
0.179448
0.023105
0.338139
0
0
1.0000
0.0008
-0.0008
0.179519
-0.023629
0.384550
0
0
1.0000
0.0008
-0.0008
0.179448
0.023105
0.338139
0
0
1.0000
0.0008
-0.0008
0.179483
0.023054
0.384602
0
0
1.0000
0.0008
-0.0008
