4128
-0.57262255
-1.03859257
-0.29494508
0
0
-0.40824829
-0.40824829
-0.81649658
0.57137745
-1.03859257
-0.29494508
0
0
0.40824829
-0.40824829
-0.81649658
-0.57262255
-1.03859257
0.18553492
0
0
-0.40824829
-0.40824829
0.81649658
-0.57262255
-1.03859257
-0.29494508
0
0
-0.40824829
-0.40824829
-0.81649658
-0.45364655
-0.91961657
-0.29494508
0
0
-0.40824829
-0.40824829
-0.81649658
0.57137745
-1.03859257
-0.29494508
0
0
0.40824829
-0.40824829
-0.81649658
-0.57262255
-1.03859257
0.18553492
0
0
-0.40824829
-0.40824829
0.81649658
-0.57262255
1.10983943
-0.29494508
0
0
-0.40824829
0.40824829
-0.81649658
-0.57262255
-1.03859257
-0.29494508
0
0
-0.40824829
-0.40824829
-0.81649658
-0.57262255
-1.03859257
0.18553492
0
0
-0.40824829
-0.40824829
0.81649658
0.57137745
-1.03859257
-0.29494508
0
0
0.40824829
-0.40824829
-0.81649658
0.57137745
-1.03859257
0.18553492
0
0
0.40824829
-0.40824829
0.81649658
-0.57262255
-1.03859257
0.18553492
0
0
-0.40824829
-0.40824829
0.81649658
-0.49348834
1.03070523
0.18553492
0
0
-0.40824829
0.40824829
0.81649658
-0.57262255
1.10983943
0.18553492
0
0
-0.40824829
0.40824829
0.81649658
-0.57262255
-1.03859257
0.18553492
0
0
-0.40824829
-0.40824829
0.81649658
0.49224325
-0.95945836
0.18553492
0
0
0.40824829
-0.40824829
0.81649658
-0.49348834
-0.95945836
0.18553492
0
0
-0.40824829
-0.40824829
0.81649658
-0.57262255
1.10983943
-0.29494508
0
0
-0.40824829
0.40824829
-0.81649658
0.57137745
1.10983943
0.18553492
0
0
0.40824829
0.40824829
0.81649658
0.57137745
1.10983943
-0.29494508
0
0
0.40824829
0.40824829
-0.81649658
-0.57262255
1.10983943
-0.29494508
0
0
-0.40824829
0.40824829
-0.81649658
-0.45364655
-0.91961657
-0.29494508
0
0
-0.40824829
-0.40824829
-0.81649658
-0.57262255
-1.03859257
-0.29494508
0
0
-0.40824829
-0.40824829
-0.81649658
-0.57262255
1.10983943
0.18553492
0
0
-0.40824829
0.40824829
0.81649658
-0.57262255
1.10983943
-0.29494508
0
0
-0.40824829
0.40824829
-0.81649658
-0.57262255
-1.03859257
0.18553492
0
0
-0.40824829
-0.40824829
0.81649658
-0.57262255
1.10983943
0.18553492
0
0
-0.40824829
0.40824829
0.81649658
0.57137745
1.10983943
0.18553492
0
0
0.40824829
0.40824829
0.81649658
-0.57262255
1.10983943
-0.29494508
0
0
-0.40824829
0.40824829
-0.81649658
-0.57262255
1.10983943
0.18553492
0
0
-0.40824829
0.40824829
0.81649658
-0.49348834
1.03070523
0.18553492
0
0
-0.40824829
0.40824829
0.81649658
0.57137745
1.10983943
0.18553492
0
0
0.40824829
0.40824829
0.81649658
0.57137745
-1.03859257
-0.29494508
0
0
0.40824829
-0.40824829
-0.81649658
0.57137745
1.10983943
0.18553492
0
0
0.40824829
0.40824829
0.81649658
0.57137745
-1.03859257
0.18553492
0
0
0.40824829
-0.40824829
0.81649658
0.57137745
-1.03859257
-0.29494508
0
0
0.40824829
-0.40824829
-0.81649658
0.45240145
0.99086343
-0.29494508
0
0
0.40824829
0.40824829
-0.81649658
0.57137745
1.10983943
-0.29494508
0
0
0.40824829
0.40824829
-0.81649658
0.57137745
-1.03859257
0.18553492
0
0
0.40824829
-0.40824829
0.81649658
0.49224325
-0.95945836
0.18553492
0
0
0.40824829
-0.40824829
0.81649658
-0.57262255
-1.03859257
0.18553492
0
0
-0.40824829
-0.40824829
0.81649658
0.57137745
1.10983943
-0.29494508
0
0
0.40824829
0.40824829
-0.81649658
0.57137745
1.10983943
0.18553492
0
0
0.40824829
0.40824829
0.81649658
0.57137745
-1.03859257
-0.29494508
0
0
0.40824829
-0.40824829
-0.81649658
0.57137745
1.10983943
-0.29494508
0
0
0.40824829
0.40824829
-0.81649658
0.45240145
0.99086343
-0.29494508
0
0
0.40824829
0.40824829
-0.81649658
-0.57262255
1.10983943
-0.29494508
0
0
-0.40824829
0.40824829
-0.81649658
0.57137745
1.10983943
0.18553492
0
0
0.40824829
0.40824829
0.81649658
-0.49348834
1.03070523
0.18553492
0
0
-0.40824829
0.40824829
0.81649658
0.49224325
1.03070523
0.18553492
0
0
0.40824829
0.40824829
0.81649658
0.57137745
1.10983943
0.18553492
0
0
0.40824829
0.40824829
0.81649658
0.49224325
-0.95945836
0.18553492
0
0
0.40824829
-0.40824829
0.81649658
0.57137745
-1.03859257
0.18553492
0
0
0.40824829
-0.40824829
0.81649658
-0.45364655
-0.91961657
-0.29494508
0
0
-0.40824829
-0.40824829
-0.81649658
-0.57262255
1.10983943
-0.29494508
0
0
-0.40824829
0.40824829
-0.81649658
-0.45364655
0.99086343
-0.29494508
0
0
-0.40824829
0.40824829
-0.81649658
-0.45364655
-0.91961657
-0.29494508
0
0
-0.40824829
-0.40824829
-0.81649658
-0.45364655
0.99086343
-0.31833353
0
0
-0.57168614
0.57168614
-0.58851501
-0.45364655
-0.91961657
-0.31833353
0
0
-0.45566557
-0.58912693
-0.66730678
-0.45364655
-0.91961657
-0.29494508
0
0
-0.40824829
-0.40824829
-0.81649658
0.45240145
-0.91961657
-0.31833353
0
0
0.61013148
-0.61013148
-0.50544947
0.45240145
-0.91961657
-0.29494508
0
0
0.40824829
-0.40824829
-0.81649658
-0.45364655
0.99086343
-0.29494508
0
0
-0.40824829
0.40824829
-0.81649658
-0.57262255
1.10983943
-0.29494508
0
0
-0.40824829
0.40824829
-0.81649658
0.45240145
0.99086343
-0.29494508
0
0
0.40824829
0.40824829
-0.81649658
-0.45364655
0.99086343
-0.29494508
0
0
-0.40824829
0.40824829
-0.81649658
-0.45364655
0.99086343
-0.31833353
0
0
-0.57168614
0.57168614
-0.58851501
-0.45364655
-0.91961657
-0.29494508
0
0
-0.40824829
-0.40824829
-0.81649658
0.45240145
0.99086343
-0.29494508
0
0
0.40824829
0.40824829
-0.81649658
0.57137745
-1.03859257
-0.29494508
0
0
0.40824829
-0.40824829
-0.81649658
0.45240145
-0.91961657
-0.29494508
0
0
0.40824829
-0.40824829
-0.81649658
0.45240145
0.99086343
-0.29494508
0
0
0.40824829
0.40824829
-0.81649658
-0.45364655
0.99086343
-0.31833353
0
0
-0.57168614
0.57168614
-0.58851501
-0.45364655
0.99086343
-0.29494508
0
0
-0.40824829
0.40824829
-0.81649658
0.45240145
0.99086343
-0.29494508
0
0
0.40824829
0.40824829
-0.81649658
0.45240145
-0.91961657
-0.31833353
0
0
0.61013148
-0.61013148
-0.50544947
0.45240145
0.99086343
-0.31833353
0
0
0.58912693
0.45566557
-0.66730678
0.45240145
-0.91961657
-0.29494508
0
0
0.40824829
-0.40824829
-0.81649658
0.57137745
-1.03859257
-0.29494508
0
0
0.40824829
-0.40824829
-0.81649658
-0.45364655
-0.91961657
-0.29494508
0
0
-0.40824829
-0.40824829
-0.81649658
0.45240145
-0.91961657
-0.29494508
0
0
0.40824829
-0.40824829
-0.81649658
0.45240145
-0.91961657
-0.31833353
0
0
0.61013148
-0.61013148
-0.50544947
0.45240145
0.99086343
-0.29494508
0
0
0.40824829
0.40824829
-0.81649658
-0.45364655
-0.91961657
-0.31833353
0
0
-0.45566557
-0.58912693
-0.66730678
0.45240145
-0.91961657
-0.31833353
0
0
0.61013148
-0.61013148
-0.50544947
-0.45364655
-0.91961657
-0.29494508
0
0
-0.40824829
-0.40824829
-0.81649658
-0.45364655
-0.91961657
-0.31833353
0
0
-0.45566557
-0.58912693
-0.66730678
-0.38856566
0.26870284
-0.38341442
0
0
-0.31219042
0.26071470
-0.91354529
-0.38856566
-0.85453568
-0.38341442
0
0
-0.19875685
-0.19875685
-0.95968298
-0.45364655
-0.91961657
-0.31833353
0
0
-0.45566557
-0.58912693
-0.66730678
2.2935380e-2
-0.85453568
-0.38341442
0
0
-0.37827162
-5.1740234e-2
-0.92424755
0.45240145
-0.91961657
-0.31833353
0
0
0.61013148
-0.61013148
-0.50544947
-0.45364655
0.99086343
-0.31833353
0
0
-0.57168614
0.57168614
-0.58851501
-0.38856566
0.26870284
-0.38341442
0
0
-0.31219042
0.26071470
-0.91354529
-0.45364655
-0.91961657
-0.31833353
0
0
-0.45566557
-0.58912693
-0.66730678
-0.45364655
0.99086343
-0.31833353
0
0
-0.57168614
0.57168614
-0.58851501
-3.3332471e-2
0.92578255
-0.38341442
0
0
0.42976625
-9.3161613e-2
-0.89812131
-0.38856566
0.92578255
-0.38341442
0
0
-0.27059805
0.27059805
-0.92387953
0.45240145
0.99086343
-0.31833353
0
0
0.58912693
0.45566557
-0.66730678
-0.45364655
0.99086343
-0.31833353
0
0
-0.57168614
0.57168614
-0.58851501
0.45240145
0.99086343
-0.29494508
0
0
0.40824829
0.40824829
-0.81649658
0.45240145
0.99086343
-0.31833353
0
0
0.58912693
0.45566557
-0.66730678
0.38732057
0.32624180
-0.38341442
0
0
0.16287506
-0.33217165
-0.92904989
0.38732057
0.92578255
-0.38341442
0
0
0.19875685
0.19875685
-0.95968298
0.45240145
0.99086343
-0.31833353
0
0
0.58912693
0.45566557
-0.66730678
2.2935380e-2
0.92578255
-0.38341442
0
0
-0.26071470
0.31219042
-0.91354529
-0.45364655
0.99086343
-0.31833353
0
0
-0.57168614
0.57168614
-0.58851501
0.45240145
-0.91961657
-0.31833353
0
0
0.61013148
-0.61013148
-0.50544947
0.38732057
0.26870284
-0.38341442
0
0
5.1740234e-2
0.37827162
-0.92424755
0.45240145
0.99086343
-0.31833353
0
0
0.58912693
0.45566557
-0.66730678
0.45240145
-0.91961657
-0.31833353
0
0
0.61013148
-0.61013148
-0.50544947
2.2935380e-2
-0.85453568
-0.38341442
0
0
-0.37827162
-5.1740234e-2
-0.92424755
0.38732057
-0.85453568
-0.38341442
0
0
0.27059805
-0.27059805
-0.92387953
-0.38856566
-0.85453568
-0.38341442
0
0
-0.19875685
-0.19875685
-0.95968298
-3.3332471e-2
0.26870284
-0.38341442
0
0
0.57735027
0.57735027
-0.57735027
-3.3332471e-2
-0.85453568
-0.38341442
0
0
0.33217165
-0.16287506
-0.92904989
-0.38856566
-0.85453568
-0.38341442
0
0
-0.19875685
-0.19875685
-0.95968298
-3.3332471e-2
-0.85453568
-0.38341442
0
0
0.33217165
-0.16287506
-0.92904989
-0.45364655
-0.91961657
-0.31833353
0
0
-0.45566557
-0.58912693
-0.66730678
-0.38856566
0.92578255
-0.38341442
0
0
-0.27059805
0.27059805
-0.92387953
-0.38856566
0.32624180
-0.38341442
0
0
9.3161613e-2
-0.42976625
-0.89812131
-0.45364655
0.99086343
-0.31833353
0
0
-0.57168614
0.57168614
-0.58851501
-0.38856566
0.92578255
-0.38341442
0
0
-0.27059805
0.27059805
-0.92387953
-3.3332471e-2
0.92578255
-0.38341442
0
0
0.42976625
-9.3161613e-2
-0.89812131
-0.38856566
0.32624180
-0.38341442
0
0
9.3161613e-2
-0.42976625
-0.89812131
0.38732057
0.92578255
-0.38341442
0
0
0.19875685
0.19875685
-0.95968298
2.2935380e-2
0.32624180
-0.38341442
0
0
-0.57735027
-0.57735027
-0.57735027
2.2935380e-2
0.92578255
-0.38341442
0
0
-0.26071470
0.31219042
-0.91354529
0.38732057
0.92578255
-0.38341442
0
0
0.19875685
0.19875685
-0.95968298
2.2935380e-2
0.92578255
-0.38341442
0
0
-0.26071470
0.31219042
-0.91354529
0.45240145
0.99086343
-0.31833353
0
0
0.58912693
0.45566557
-0.66730678
0.38732057
-0.85453568
-0.38341442
0
0
0.27059805
-0.27059805
-0.92387953
0.38732057
0.26870284
-0.38341442
0
0
5.1740234e-2
0.37827162
-0.92424755
0.45240145
-0.91961657
-0.31833353
0
0
0.61013148
-0.61013148
-0.50544947
0.38732057
-0.85453568
-0.38341442
0
0
0.27059805
-0.27059805
-0.92387953
2.2935380e-2
-0.85453568
-0.38341442
0
0
-0.37827162
-5.1740234e-2
-0.92424755
0.38732057
0.26870284
-0.38341442
0
0
5.1740234e-2
0.37827162
-0.92424755
0.38732057
0.26870284
-0.38341442
0
0
5.1740234e-2
0.37827162
-0.92424755
2.2935380e-2
-0.85453568
-0.38341442
0
0
-0.37827162
-5.1740234e-2
-0.92424755
2.2935380e-2
0.26870284
-0.38341442
0
0
-0.57735027
0.57735027
-0.57735027
0.38732057
0.26870284
-0.38341442
0
0
5.1740234e-2
0.37827162
-0.92424755
0.36415406
0.32624180
-0.32748553
0
0
-0.70094287
-0.42976625
0.56919246
0.38732057
0.32624180
-0.38341442
0
0
0.16287506
-0.33217165
-0.92904989
-0.38856566
0.26870284
-0.38341442
0
0
-0.31219042
0.26071470
-0.91354529
-0.45364655
0.99086343
-0.31833353
0
0
-0.57168614
0.57168614
-0.58851501
-0.38856566
0.32624180
-0.38341442
0
0
9.3161613e-2
-0.42976625
-0.89812131
-0.38856566
0.26870284
-0.38341442
0
0
-0.31219042
0.26071470
-0.91354529
-3.3332471e-2
0.26870284
-0.38341442
0
0
0.57735027
0.57735027
-0.57735027
-0.38856566
-0.85453568
-0.38341442
0
0
-0.19875685
-0.19875685
-0.95968298
-0.38856566
0.26870284
-0.38341442
0
0
-0.31219042
0.26071470
-0.91354529
-0.36539915
0.26870284
-0.32748553
0
0
0.71268364
0.35911785
0.60259140
-3.3332471e-2
0.26870284
-0.38341442
0
0
0.57735027
0.57735027
-0.57735027
0.38732057
0.32624180
-0.38341442
0
0
0.16287506
-0.33217165
-0.92904989
0.45240145
0.99086343
-0.31833353
0
0
0.58912693
0.45566557
-0.66730678
0.38732057
0.26870284
-0.38341442
0
0
5.1740234e-2
0.37827162
-0.92424755
0.38732057
0.32624180
-0.38341442
0
0
0.16287506
-0.33217165
-0.92904989
2.2935380e-2
0.32624180
-0.38341442
0
0
-0.57735027
-0.57735027
-0.57735027
0.38732057
0.92578255
-0.38341442
0
0
0.19875685
0.19875685
-0.95968298
0.38732057
0.32624180
-0.38341442
0
0
0.16287506
-0.33217165
-0.92904989
0.36415406
0.32624180
-0.32748553
0
0
-0.70094287
-0.42976625
0.56919246
2.2935380e-2
0.32624180
-0.38341442
0
0
-0.57735027
-0.57735027
-0.57735027
-0.38856566
0.32624180
-0.38341442
0
0
9.3161613e-2
-0.42976625
-0.89812131
-3.3332471e-2
0.92578255
-0.38341442
0
0
0.42976625
-9.3161613e-2
-0.89812131
-3.3332471e-2
0.32624180
-0.38341442
0
0
0.57735027
-0.57735027
-0.57735027
-0.38856566
0.32624180
-0.38341442
0
0
9.3161613e-2
-0.42976625
-0.89812131
-0.36539915
0.26870284
-0.32748553
0
0
0.71268364
0.35911785
0.60259140
-0.38856566
0.26870284
-0.38341442
0
0
-0.31219042
0.26071470
-0.91354529
-3.3332471e-2
0.32624180
-0.38341442
0
0
0.57735027
-0.57735027
-0.57735027
-3.3332471e-2
0.32624180
-0.32748553
0
0
0.57735027
-0.57735027
0.57735027
-0.38856566
0.32624180
-0.38341442
0
0
9.3161613e-2
-0.42976625
-0.89812131
-3.3332471e-2
0.26870284
-0.38341442
0
0
0.57735027
0.57735027
-0.57735027
-3.3332471e-2
-0.83136917
-0.32748553
0
0
0.42976625
0.70094287
0.56919246
-3.3332471e-2
-0.85453568
-0.38341442
0
0
0.33217165
-0.16287506
-0.92904989
-3.3332471e-2
-0.85453568
-0.38341442
0
0
0.33217165
-0.16287506
-0.92904989
-3.3332471e-2
-0.83136917
-0.32748553
0
0
0.42976625
0.70094287
0.56919246
2.2935380e-2
-0.85453568
-0.38341442
0
0
-0.37827162
-5.1740234e-2
-0.92424755
-3.3332471e-2
0.92578255
-0.38341442
0
0
0.42976625
-9.3161613e-2
-0.89812131
-0.45364655
0.99086343
-0.31833353
0
0
-0.57168614
0.57168614
-0.58851501
2.2935380e-2
0.92578255
-0.38341442
0
0
-0.26071470
0.31219042
-0.91354529
-3.3332471e-2
0.92578255
-0.38341442
0
0
0.42976625
-9.3161613e-2
-0.89812131
-3.3332471e-2
0.32624180
-0.32748553
0
0
0.57735027
-0.57735027
0.57735027
-3.3332471e-2
0.32624180
-0.38341442
0
0
0.57735027
-0.57735027
-0.57735027
2.2935380e-2
-0.85453568
-0.38341442
0
0
-0.37827162
-5.1740234e-2
-0.92424755
-0.45364655
-0.91961657
-0.31833353
0
0
-0.45566557
-0.58912693
-0.66730678
-3.3332471e-2
-0.85453568
-0.38341442
0
0
0.33217165
-0.16287506
-0.92904989
2.2935380e-2
-0.85453568
-0.38341442
0
0
-0.37827162
-5.1740234e-2
-0.92424755
2.2935380e-2
0.26870284
-0.32748553
0
0
-0.57735027
0.57735027
0.57735027
2.2935380e-2
0.26870284
-0.38341442
0
0
-0.57735027
0.57735027
-0.57735027
2.2935380e-2
0.26870284
-0.38341442
0
0
-0.57735027
0.57735027
-0.57735027
2.2935380e-2
0.26870284
-0.32748553
0
0
-0.57735027
0.57735027
0.57735027
0.38732057
0.26870284
-0.38341442
0
0
5.1740234e-2
0.37827162
-0.92424755
2.2935380e-2
0.32624180
-0.38341442
0
0
-0.57735027
-0.57735027
-0.57735027
2.2935380e-2
0.90261604
-0.32748553
0
0
-0.35911785
-0.71268364
0.60259140
2.2935380e-2
0.92578255
-0.38341442
0
0
-0.26071470
0.31219042
-0.91354529
2.2935380e-2
0.92578255
-0.38341442
0
0
-0.26071470
0.31219042
-0.91354529
2.2935380e-2
0.90261604
-0.32748553
0
0
-0.35911785
-0.71268364
0.60259140
-3.3332471e-2
0.92578255
-0.38341442
0
0
0.42976625
-9.3161613e-2
-0.89812131
-0.51669366
-0.98266368
-0.23901619
0
0
0.40824829
0.40824829
0.81649658
-0.51669366
1.05391055
0.12960603
0
0
0.57735027
-0.57735027
-0.57735027
-0.51669366
-0.98266368
0.12960603
0
0
0.57735027
0.57735027
-0.57735027
-0.51669366
-0.98266368
-0.23901619
0
0
0.40824829
0.40824829
0.81649658
0.51544857
-0.98266368
0.12960603
0
0
-0.57735027
0.57735027
-0.57735027
0.51544857
-0.98266368
-0.23901619
0
0
-0.40824829
0.40824829
0.81649658
-0.51669366
-0.98266368
-0.23901619
0
0
0.40824829
0.40824829
0.81649658
-0.39771766
0.93493455
-0.23901619
0
0
0.40824829
-0.40824829
0.81649658
-0.51669366
1.05391055
-0.23901619
0
0
0.40824829
-0.40824829
0.81649658
-0.51669366
-0.98266368
-0.23901619
0
0
0.40824829
0.40824829
0.81649658
0.39647257
-0.86368768
-0.23901619
0
0
-0.40824829
0.40824829
0.81649658
-0.39771766
-0.86368768
-0.23901619
0
0
0.40824829
0.40824829
0.81649658
-0.51669366
-0.98266368
0.12960603
0
0
0.57735027
0.57735027
-0.57735027
0.51544857
-0.98266368
0.12960603
0
0
-0.57735027
0.57735027
-0.57735027
-0.51669366
-0.98266368
-0.23901619
0
0
0.40824829
0.40824829
0.81649658
-0.51669366
1.05391055
-0.23901619
0
0
0.40824829
-0.40824829
0.81649658
-0.51669366
1.05391055
0.12960603
0
0
0.57735027
-0.57735027
-0.57735027
-0.51669366
-0.98266368
-0.23901619
0
0
0.40824829
0.40824829
0.81649658
-0.51669366
1.05391055
-0.23901619
0
0
0.40824829
-0.40824829
0.81649658
0.51544857
1.05391055
-0.23901619
0
0
-0.40824829
-0.40824829
0.81649658
-0.51669366
1.05391055
0.12960603
0
0
0.57735027
-0.57735027
-0.57735027
-0.51669366
1.05391055
-0.23901619
0
0
0.40824829
-0.40824829
0.81649658
-0.39771766
0.93493455
-0.23901619
0
0
0.40824829
-0.40824829
0.81649658
0.51544857
1.05391055
-0.23901619
0
0
-0.40824829
-0.40824829
0.81649658
-0.51669366
1.05391055
0.12960603
0
0
0.57735027
-0.57735027
-0.57735027
0.51544857
-0.98266368
0.12960603
0
0
-0.57735027
0.57735027
-0.57735027
-0.51669366
-0.98266368
0.12960603
0
0
0.57735027
0.57735027
-0.57735027
-0.51669366
1.05391055
0.12960603
0
0
0.57735027
-0.57735027
-0.57735027
0.51544857
1.05391055
-0.23901619
0
0
-0.40824829
-0.40824829
0.81649658
0.51544857
1.05391055
0.12960603
0
0
-0.57735027
-0.57735027
-0.57735027
0.51544857
-0.98266368
-0.23901619
0
0
-0.40824829
0.40824829
0.81649658
0.39647257
-0.86368768
-0.23901619
0
0
-0.40824829
0.40824829
0.81649658
-0.51669366
-0.98266368
-0.23901619
0
0
0.40824829
0.40824829
0.81649658
0.51544857
-0.98266368
0.12960603
0
0
-0.57735027
0.57735027
-0.57735027
0.51544857
1.05391055
-0.23901619
0
0
-0.40824829
-0.40824829
0.81649658
0.51544857
-0.98266368
-0.23901619
0
0
-0.40824829
0.40824829
0.81649658
0.51544857
1.05391055
-0.23901619
0
0
-0.40824829
-0.40824829
0.81649658
0.39647257
-0.86368768
-0.23901619
0
0
-0.40824829
0.40824829
0.81649658
0.51544857
-0.98266368
-0.23901619
0
0
-0.40824829
0.40824829
0.81649658
0.51544857
1.05391055
0.12960603
0
0
-0.57735027
-0.57735027
-0.57735027
0.51544857
-0.98266368
0.12960603
0
0
-0.57735027
0.57735027
-0.57735027
-0.51669366
1.05391055
0.12960603
0
0
0.57735027
-0.57735027
-0.57735027
0.51544857
1.05391055
0.12960603
0
0
-0.57735027
-0.57735027
-0.57735027
0.51544857
1.05391055
-0.23901619
0
0
-0.40824829
-0.40824829
0.81649658
0.51544857
-0.98266368
0.12960603
0
0
-0.57735027
0.57735027
-0.57735027
-0.39771766
-0.86368768
-0.23901619
0
0
0.40824829
0.40824829
0.81649658
-0.39771766
-0.86368768
-0.29516702
0
0
0.53228873
0.64252933
0.55120302
-0.39771766
0.93493455
-0.23901619
0
0
0.40824829
-0.40824829
0.81649658
-0.39771766
0.93493455
-0.23901619
0
0
0.40824829
-0.40824829
0.81649658
-0.51669366
-0.98266368
-0.23901619
0
0
0.40824829
0.40824829
0.81649658
-0.39771766
-0.86368768
-0.23901619
0
0
0.40824829
0.40824829
0.81649658
-0.39771766
0.93493455
-0.23901619
0
0
0.40824829
-0.40824829
0.81649658
-0.39771766
-0.86368768
-0.29516702
0
0
0.53228873
0.64252933
0.55120302
-0.39771766
0.93493455
-0.29516702
0
0
0.50980954
-0.50980954
0.69295633
-0.39771766
0.93493455
-0.23901619
0
0
0.40824829
-0.40824829
0.81649658
0.39647257
0.93493455
-0.29516702
0
0
-0.64252933
-0.53228873
0.55120302
0.39647257
0.93493455
-0.23901619
0
0
-0.40824829
-0.40824829
0.81649658
0.39647257
0.93493455
-0.23901619
0
0
-0.40824829
-0.40824829
0.81649658
0.51544857
1.05391055
-0.23901619
0
0
-0.40824829
-0.40824829
0.81649658
-0.39771766
0.93493455
-0.23901619
0
0
0.40824829
-0.40824829
0.81649658
0.39647257
0.93493455
-0.23901619
0
0
-0.40824829
-0.40824829
0.81649658
0.39647257
0.93493455
-0.29516702
0
0
-0.64252933
-0.53228873
0.55120302
0.39647257
-0.86368768
-0.23901619
0
0
-0.40824829
0.40824829
0.81649658
0.39647257
-0.86368768
-0.23901619
0
0
-0.40824829
0.40824829
0.81649658
0.51544857
1.05391055
-0.23901619
0
0
-0.40824829
-0.40824829
0.81649658
0.39647257
0.93493455
-0.23901619
0
0
-0.40824829
-0.40824829
0.81649658
0.39647257
-0.86368768
-0.23901619
0
0
-0.40824829
0.40824829
0.81649658
-0.39771766
-0.86368768
-0.29516702
0
0
0.53228873
0.64252933
0.55120302
-0.39771766
-0.86368768
-0.23901619
0
0
0.40824829
0.40824829
0.81649658
0.39647257
-0.86368768
-0.23901619
0
0
-0.40824829
0.40824829
0.81649658
0.39647257
0.93493455
-0.29516702
0
0
-0.64252933
-0.53228873
0.55120302
0.39647257
-0.86368768
-0.29516702
0
0
-0.54452607
0.54452607
0.63795197
-0.39771766
-0.86368768
-0.29516702
0
0
0.53228873
0.64252933
0.55120302
-0.36539915
0.26870284
-0.32748553
0
0
0.71268364
0.35911785
0.60259140
-0.39771766
0.93493455
-0.29516702
0
0
0.50980954
-0.50980954
0.69295633
-0.39771766
-0.86368768
-0.29516702
0
0
0.53228873
0.64252933
0.55120302
-3.3332471e-2
-0.83136917
-0.32748553
0
0
0.42976625
0.70094287
0.56919246
-0.36539915
-0.83136917
-0.32748553
0
0
0.27059805
0.27059805
0.92387953
-0.39771766
0.93493455
-0.29516702
0
0
0.50980954
-0.50980954
0.69295633
0.39647257
0.93493455
-0.29516702
0
0
-0.64252933
-0.53228873
0.55120302
-0.39771766
0.93493455
-0.23901619
0
0
0.40824829
-0.40824829
0.81649658
-0.39771766
0.93493455
-0.29516702
0
0
0.50980954
-0.50980954
0.69295633
-0.36539915
0.32624180
-0.32748553
0
0
0.71834990
-0.30723751
0.62416226
-0.36539915
0.90261604
-0.32748553
0
0
0.19875685
-0.19875685
0.95968298
-0.39771766
0.93493455
-0.29516702
0
0
0.50980954
-0.50980954
0.69295633
2.2935380e-2
0.90261604
-0.32748553
0
0
-0.35911785
-0.71268364
0.60259140
0.39647257
0.93493455
-0.29516702
0
0
-0.64252933
-0.53228873
0.55120302
0.39647257
0.93493455
-0.29516702
0
0
-0.64252933
-0.53228873
0.55120302
0.36415406
0.26870284
-0.32748553
0
0
-0.72232203
0.23720020
0.64960523
0.39647257
-0.86368768
-0.29516702
0
0
-0.54452607
0.54452607
0.63795197
0.39647257
0.93493455
-0.29516702
0
0
-0.64252933
-0.53228873
0.55120302
2.2935380e-2
0.90261604
-0.32748553
0
0
-0.35911785
-0.71268364
0.60259140
0.36415406
0.90261604
-0.32748553
0
0
-0.27059805
-0.27059805
0.92387953
0.39647257
-0.86368768
-0.29516702
0
0
-0.54452607
0.54452607
0.63795197
-0.39771766
-0.86368768
-0.29516702
0
0
0.53228873
0.64252933
0.55120302
0.39647257
-0.86368768
-0.23901619
0
0
-0.40824829
0.40824829
0.81649658
0.39647257
-0.86368768
-0.29516702
0
0
-0.54452607
0.54452607
0.63795197
0.36415406
0.26870284
-0.32748553
0
0
-0.72232203
0.23720020
0.64960523
0.36415406
-0.83136917
-0.32748553
0
0
-0.19875685
0.19875685
0.95968298
0.39647257
-0.86368768
-0.29516702
0
0
-0.54452607
0.54452607
0.63795197
2.2935380e-2
-0.83136917
-0.32748553
0
0
-0.23720020
0.72232203
0.64960523
-0.39771766
-0.86368768
-0.29516702
0
0
0.53228873
0.64252933
0.55120302
-0.36539915
-0.83136917
-0.32748553
0
0
0.27059805
0.27059805
0.92387953
-0.36539915
0.26870284
-0.32748553
0
0
0.71268364
0.35911785
0.60259140
-0.39771766
-0.86368768
-0.29516702
0
0
0.53228873
0.64252933
0.55120302
-0.36539915
0.90261604
-0.32748553
0
0
0.19875685
-0.19875685
0.95968298
-3.3332471e-2
0.32624180
-0.32748553
0
0
0.57735027
-0.57735027
0.57735027
-3.3332471e-2
0.90261604
-0.32748553
0
0
0.30723751
-0.71834990
0.62416226
-0.36539915
0.90261604
-0.32748553
0
0
0.19875685
-0.19875685
0.95968298
-3.3332471e-2
0.90261604
-0.32748553
0
0
0.30723751
-0.71834990
0.62416226
-0.39771766
0.93493455
-0.29516702
0
0
0.50980954
-0.50980954
0.69295633
0.36415406
0.90261604
-0.32748553
0
0
-0.27059805
-0.27059805
0.92387953
0.36415406
0.32624180
-0.32748553
0
0
-0.70094287
-0.42976625
0.56919246
0.39647257
0.93493455
-0.29516702
0
0
-0.64252933
-0.53228873
0.55120302
0.36415406
-0.83136917
-0.32748553
0
0
-0.19875685
0.19875685
0.95968298
2.2935380e-2
-0.83136917
-0.32748553
0
0
-0.23720020
0.72232203
0.64960523
0.39647257
-0.86368768
-0.29516702
0
0
-0.54452607
0.54452607
0.63795197
0.36415406
-0.83136917
-0.32748553
0
0
-0.19875685
0.19875685
0.95968298
2.2935380e-2
0.26870284
-0.32748553
0
0
-0.57735027
0.57735027
0.57735027
2.2935380e-2
-0.83136917
-0.32748553
0
0
-0.23720020
0.72232203
0.64960523
0.36415406
0.26870284
-0.32748553
0
0
-0.72232203
0.23720020
0.64960523
0.38732057
0.26870284
-0.38341442
0
0
5.1740234e-2
0.37827162
-0.92424755
2.2935380e-2
0.26870284
-0.32748553
0
0
-0.57735027
0.57735027
0.57735027
0.36415406
0.26870284
-0.32748553
0
0
-0.72232203
0.23720020
0.64960523
0.39647257
0.93493455
-0.29516702
0
0
-0.64252933
-0.53228873
0.55120302
0.36415406
0.32624180
-0.32748553
0
0
-0.70094287
-0.42976625
0.56919246
0.36415406
0.26870284
-0.32748553
0
0
-0.72232203
0.23720020
0.64960523
2.2935380e-2
0.26870284
-0.32748553
0
0
-0.57735027
0.57735027
0.57735027
0.36415406
-0.83136917
-0.32748553
0
0
-0.19875685
0.19875685
0.95968298
-0.36539915
0.26870284
-0.32748553
0
0
0.71268364
0.35911785
0.60259140
-0.38856566
0.32624180
-0.38341442
0
0
9.3161613e-2
-0.42976625
-0.89812131
-0.36539915
0.32624180
-0.32748553
0
0
0.71834990
-0.30723751
0.62416226
-0.36539915
0.26870284
-0.32748553
0
0
0.71268364
0.35911785
0.60259140
-3.3332471e-2
-0.83136917
-0.32748553
0
0
0.42976625
0.70094287
0.56919246
-3.3332471e-2
0.26870284
-0.32748553
0
0
0.57735027
0.57735027
0.57735027
0.36415406
0.32624180
-0.32748553
0
0
-0.70094287
-0.42976625
0.56919246
0.38732057
0.26870284
-0.38341442
0
0
5.1740234e-2
0.37827162
-0.92424755
0.36415406
0.26870284
-0.32748553
0
0
-0.72232203
0.23720020
0.64960523
0.36415406
0.32624180
-0.32748553
0
0
-0.70094287
-0.42976625
0.56919246
2.2935380e-2
0.90261604
-0.32748553
0
0
-0.35911785
-0.71268364
0.60259140
2.2935380e-2
0.32624180
-0.32748553
0
0
-0.57735027
-0.57735027
0.57735027
-0.36539915
0.32624180
-0.32748553
0
0
0.71834990
-0.30723751
0.62416226
-0.38856566
0.32624180
-0.38341442
0
0
9.3161613e-2
-0.42976625
-0.89812131
-3.3332471e-2
0.32624180
-0.32748553
0
0
0.57735027
-0.57735027
0.57735027
-0.36539915
0.32624180
-0.32748553
0
0
0.71834990
-0.30723751
0.62416226
-0.39771766
0.93493455
-0.29516702
0
0
0.50980954
-0.50980954
0.69295633
-0.36539915
0.26870284
-0.32748553
0
0
0.71268364
0.35911785
0.60259140
-0.36539915
0.32624180
-0.32748553
0
0
0.71834990
-0.30723751
0.62416226
-3.3332471e-2
0.32624180
-0.32748553
0
0
0.57735027
-0.57735027
0.57735027
-0.36539915
0.90261604
-0.32748553
0
0
0.19875685
-0.19875685
0.95968298
-3.3332471e-2
0.32624180
-0.32748553
0
0
0.57735027
-0.57735027
0.57735027
-3.3332471e-2
0.92578255
-0.38341442
0
0
0.42976625
-9.3161613e-2
-0.89812131
-3.3332471e-2
0.90261604
-0.32748553
0
0
0.30723751
-0.71834990
0.62416226
-3.3332471e-2
0.26870284
-0.32748553
0
0
0.57735027
0.57735027
0.57735027
-3.3332471e-2
0.26870284
-0.38341442
0
0
0.57735027
0.57735027
-0.57735027
-0.36539915
0.26870284
-0.32748553
0
0
0.71268364
0.35911785
0.60259140
-3.3332471e-2
-0.83136917
-0.32748553
0
0
0.42976625
0.70094287
0.56919246
-3.3332471e-2
0.26870284
-0.38341442
0
0
0.57735027
0.57735027
-0.57735027
-3.3332471e-2
0.26870284
-0.32748553
0
0
0.57735027
0.57735027
0.57735027
-3.3332471e-2
-0.83136917
-0.32748553
0
0
0.42976625
0.70094287
0.56919246
-0.39771766
-0.86368768
-0.29516702
0
0
0.53228873
0.64252933
0.55120302
2.2935380e-2
-0.83136917
-0.32748553
0
0
-0.23720020
0.72232203
0.64960523
-3.3332471e-2
-0.83136917
-0.32748553
0
0
0.42976625
0.70094287
0.56919246
-0.36539915
0.26870284
-0.32748553
0
0
0.71268364
0.35911785
0.60259140
-0.36539915
-0.83136917
-0.32748553
0
0
0.27059805
0.27059805
0.92387953
-3.3332471e-2
0.90261604
-0.32748553
0
0
0.30723751
-0.71834990
0.62416226
-3.3332471e-2
0.92578255
-0.38341442
0
0
0.42976625
-9.3161613e-2
-0.89812131
2.2935380e-2
0.90261604
-0.32748553
0
0
-0.35911785
-0.71268364
0.60259140
2.2935380e-2
-0.83136917
-0.32748553
0
0
-0.23720020
0.72232203
0.64960523
2.2935380e-2
-0.85453568
-0.38341442
0
0
-0.37827162
-5.1740234e-2
-0.92424755
-3.3332471e-2
-0.83136917
-0.32748553
0
0
0.42976625
0.70094287
0.56919246
2.2935380e-2
0.26870284
-0.32748553
0
0
-0.57735027
0.57735027
0.57735027
2.2935380e-2
-0.85453568
-0.38341442
0
0
-0.37827162
-5.1740234e-2
-0.92424755
2.2935380e-2
-0.83136917
-0.32748553
0
0
-0.23720020
0.72232203
0.64960523
2.2935380e-2
0.32624180
-0.32748553
0
0
-0.57735027
-0.57735027
0.57735027
2.2935380e-2
0.32624180
-0.38341442
0
0
-0.57735027
-0.57735027
-0.57735027
0.36415406
0.32624180
-0.32748553
0
0
-0.70094287
-0.42976625
0.56919246
2.2935380e-2
0.90261604
-0.32748553
0
0
-0.35911785
-0.71268364
0.60259140
2.2935380e-2
0.32624180
-0.38341442
0
0
-0.57735027
-0.57735027
-0.57735027
2.2935380e-2
0.32624180
-0.32748553
0
0
-0.57735027
-0.57735027
0.57735027
2.2935380e-2
0.90261604
-0.32748553
0
0
-0.35911785
-0.71268364
0.60259140
-0.39771766
0.93493455
-0.29516702
0
0
0.50980954
-0.50980954
0.69295633
-3.3332471e-2
0.90261604
-0.32748553
0
0
0.30723751
-0.71834990
0.62416226
2.2935380e-2
0.90261604
-0.32748553
0
0
-0.35911785
-0.71268364
0.60259140
0.36415406
0.32624180
-0.32748553
0
0
-0.70094287
-0.42976625
0.56919246
0.36415406
0.90261604
-0.32748553
0
0
-0.27059805
-0.27059805
0.92387953
-0.49348834
1.03070523
0.18553492
0
0
-0.40824829
0.40824829
0.81649658
-0.49348834
-0.95945836
0.27095358
0
0
-0.40824829
-0.40824829
0.81649658
-0.49348834
1.03070523
0.27095358
0
0
-0.40824829
0.40824829
0.81649658
-0.49348834
-0.95945836
0.18553492
0
0
-0.40824829
-0.40824829
0.81649658
-0.49348834
1.03070523
0.18553492
0
0
-0.40824829
0.40824829
0.81649658
-0.57262255
-1.03859257
0.18553492
0
0
-0.40824829
-0.40824829
0.81649658
-0.49348834
-0.95945836
0.18553492
0
0
-0.40824829
-0.40824829
0.81649658
0.49224325
-0.95945836
0.18553492
0
0
0.40824829
-0.40824829
0.81649658
-0.49348834
-0.95945836
0.27095358
0
0
-0.40824829
-0.40824829
0.81649658
0.49224325
-0.95945836
0.18553492
0
0
0.40824829
-0.40824829
0.81649658
0.49224325
1.03070523
0.27095358
0
0
0.40824829
0.40824829
0.81649658
0.49224325
-0.95945836
0.27095358
0
0
0.40824829
-0.40824829
0.81649658
0.49224325
1.03070523
0.18553492
0
0
0.40824829
0.40824829
0.81649658
-0.49348834
1.03070523
0.18553492
0
0
-0.40824829
0.40824829
0.81649658
0.49224325
1.03070523
0.27095358
0
0
0.40824829
0.40824829
0.81649658
0.49224325
1.03070523
0.18553492
0
0
0.40824829
0.40824829
0.81649658
0.49224325
-0.95945836
0.18553492
0
0
0.40824829
-0.40824829
0.81649658
0.57137745
1.10983943
0.18553492
0
0
0.40824829
0.40824829
0.81649658
-0.44315491
0.98037180
0.18553492
0
0
0.40824829
-0.40824829
0.81649658
-0.32578785
0.86300473
0.18553492
0
0
-0.40824829
0.40824829
0.81649658
0.44190982
0.98037180
0.18553492
0
0
-0.40824829
-0.40824829
0.81649658
-0.44315491
0.98037180
0.18553492
0
0
0.40824829
-0.40824829
0.81649658
-0.44315491
0.98037180
0.27095358
0
0
0.40824829
-0.40824829
0.81649658
-0.44315491
-0.90912493
0.18553492
0
0
0.40824829
0.40824829
0.81649658
-0.44315491
-0.90912493
0.18553492
0
0
0.40824829
0.40824829
0.81649658
-0.32578785
0.86300473
0.18553492
0
0
-0.40824829
0.40824829
0.81649658
-0.44315491
0.98037180
0.18553492
0
0
0.40824829
-0.40824829
0.81649658
-0.44315491
-0.90912493
0.18553492
0
0
0.40824829
0.40824829
0.81649658
0.32454275
-0.79175787
0.18553492
0
0
0.40824829
-0.40824829
0.81649658
-0.32578785
-0.79175787
0.18553492
0
0
-0.40824829
-0.40824829
0.81649658
-0.44315491
-0.90912493
0.18553492
0
0
0.40824829
0.40824829
0.81649658
-0.44315491
0.98037180
0.27095358
0
0
0.40824829
-0.40824829
0.81649658
-0.44315491
-0.90912493
0.27095358
0
0
0.40824829
0.40824829
0.81649658
-0.44315491
-0.90912493
0.18553492
0
0
0.40824829
0.40824829
0.81649658
0.44190982
-0.90912493
0.27095358
0
0
-0.40824829
0.40824829
0.81649658
0.44190982
-0.90912493
0.18553492
0
0
-0.40824829
0.40824829
0.81649658
0.44190982
-0.90912493
0.18553492
0
0
-0.40824829
0.40824829
0.81649658
0.44190982
0.98037180
0.18553492
0
0
-0.40824829
-0.40824829
0.81649658
0.32454275
-0.79175787
0.18553492
0
0
0.40824829
-0.40824829
0.81649658
0.44190982
-0.90912493
0.18553492
0
0
-0.40824829
0.40824829
0.81649658
0.44190982
-0.90912493
0.27095358
0
0
-0.40824829
0.40824829
0.81649658
0.44190982
0.98037180
0.18553492
0
0
-0.40824829
-0.40824829
0.81649658
0.44190982
0.98037180
0.18553492
0
0
-0.40824829
-0.40824829
0.81649658
-0.32578785
0.86300473
0.18553492
0
0
-0.40824829
0.40824829
0.81649658
0.32454275
0.86300473
0.18553492
0
0
0.40824829
0.40824829
0.81649658
0.44190982
0.98037180
0.18553492
0
0
-0.40824829
-0.40824829
0.81649658
-0.44315491
0.98037180
0.27095358
0
0
0.40824829
-0.40824829
0.81649658
-0.44315491
0.98037180
0.18553492
0
0
0.40824829
-0.40824829
0.81649658
0.44190982
0.98037180
0.18553492
0
0
-0.40824829
-0.40824829
0.81649658
0.44190982
-0.90912493
0.27095358
0
0
-0.40824829
0.40824829
0.81649658
0.44190982
0.98037180
0.27095358
0
0
-0.40824829
-0.40824829
0.81649658
-0.32578785
0.86300473
0.18553492
0
0
-0.40824829
0.40824829
0.81649658
0.32454275
0.86300473
0.29942647
0
0
0.57735027
0.57735027
0.57735027
0.32454275
0.86300473
0.18553492
0
0
0.40824829
0.40824829
0.81649658
-0.32578785
-0.79175787
0.18553492
0
0
-0.40824829
-0.40824829
0.81649658
-0.32578785
0.86300473
0.18553492
0
0
-0.40824829
0.40824829
0.81649658
-0.44315491
-0.90912493
0.18553492
0
0
0.40824829
0.40824829
0.81649658
-0.32578785
-0.79175787
0.18553492
0
0
-0.40824829
-0.40824829
0.81649658
-0.32578785
-0.79175787
0.29942647
0
0
-0.57735027
-0.57735027
0.57735027
-0.32578785
0.86300473
0.18553492
0
0
-0.40824829
0.40824829
0.81649658
0.32454275
-0.79175787
0.18553492
0
0
0.40824829
-0.40824829
0.81649658
-0.44315491
-0.90912493
0.18553492
0
0
0.40824829
0.40824829
0.81649658
0.44190982
-0.90912493
0.18553492
0
0
-0.40824829
0.40824829
0.81649658
0.32454275
-0.79175787
0.18553492
0
0
0.40824829
-0.40824829
0.81649658
-0.32578785
-0.79175787
0.29942647
0
0
-0.57735027
-0.57735027
0.57735027
-0.32578785
-0.79175787
0.18553492
0
0
-0.40824829
-0.40824829
0.81649658
0.32454275
0.86300473
0.18553492
0
0
0.40824829
0.40824829
0.81649658
0.32454275
-0.79175787
0.18553492
0
0
0.40824829
-0.40824829
0.81649658
0.44190982
0.98037180
0.18553492
0
0
-0.40824829
-0.40824829
0.81649658
0.32454275
0.86300473
0.18553492
0
0
0.40824829
0.40824829
0.81649658
0.32454275
0.86300473
0.29942647
0
0
0.57735027
0.57735027
0.57735027
0.32454275
-0.79175787
0.18553492
0
0
0.40824829
-0.40824829
0.81649658
-0.32578785
0.86300473
0.29942647
0
0
-0.57735027
0.57735027
0.57735027
-0.32578785
0.86300473
0.18553492
0
0
-0.40824829
0.40824829
0.81649658
-0.32578785
-0.79175787
0.29942647
0
0
-0.57735027
-0.57735027
0.57735027
-0.32578785
0.86300473
0.29942647
0
0
-0.57735027
0.57735027
0.57735027
0.32454275
0.86300473
0.29942647
0
0
0.57735027
0.57735027
0.57735027
-0.32578785
0.86300473
0.18553492
0
0
-0.40824829
0.40824829
0.81649658
-0.32578785
-0.79175787
0.29942647
0
0
-0.57735027
-0.57735027
0.57735027
0.32454275
-0.79175787
0.18553492
0
0
0.40824829
-0.40824829
0.81649658
0.32454275
-0.79175787
0.29942647
0
0
0.57735027
-0.57735027
0.57735027
-0.32578785
-0.79175787
0.29942647
0
0
-0.57735027
-0.57735027
0.57735027
0.32454275
0.86300473
0.29942647
0
0
0.57735027
0.57735027
0.57735027
-0.32578785
0.86300473
0.29942647
0
0
-0.57735027
0.57735027
0.57735027
0.32454275
-0.79175787
0.29942647
0
0
0.57735027
-0.57735027
0.57735027
0.32454275
-0.79175787
0.18553492
0
0
0.40824829
-0.40824829
0.81649658
0.32454275
0.86300473
0.29942647
0
0
0.57735027
0.57735027
0.57735027
0.32454275
-0.79175787
0.29942647
0
0
0.57735027
-0.57735027
0.57735027
0.32454275
0.86300473
0.29942647
0
0
0.57735027
0.57735027
0.57735027
-0.32578785
-0.79175787
0.29942647
0
0
-0.57735027
-0.57735027
0.57735027
-0.49348834
1.03070523
0.27095358
0
0
-0.40824829
0.40824829
0.81649658
-0.49348834
-0.95945836
0.27095358
0
0
-0.40824829
-0.40824829
0.81649658
-0.44315491
0.98037180
0.27095358
0
0
0.40824829
-0.40824829
0.81649658
-0.49348834
1.03070523
0.27095358
0
0
-0.40824829
0.40824829
0.81649658
0.49224325
1.03070523
0.27095358
0
0
0.40824829
0.40824829
0.81649658
-0.49348834
1.03070523
0.18553492
0
0
-0.40824829
0.40824829
0.81649658
-0.49348834
-0.95945836
0.27095358
0
0
-0.40824829
-0.40824829
0.81649658
-0.49348834
1.03070523
0.18553492
0
0
-0.40824829
0.40824829
0.81649658
-0.49348834
-0.95945836
0.18553492
0
0
-0.40824829
-0.40824829
0.81649658
-0.49348834
-0.95945836
0.27095358
0
0
-0.40824829
-0.40824829
0.81649658
0.44190982
-0.90912493
0.27095358
0
0
-0.40824829
0.40824829
0.81649658
-0.44315491
-0.90912493
0.27095358
0
0
0.40824829
0.40824829
0.81649658
0.49224325
-0.95945836
0.27095358
0
0
0.40824829
-0.40824829
0.81649658
-0.49348834
-0.95945836
0.27095358
0
0
-0.40824829
-0.40824829
0.81649658
0.49224325
-0.95945836
0.18553492
0
0
0.40824829
-0.40824829
0.81649658
0.49224325
-0.95945836
0.27095358
0
0
0.40824829
-0.40824829
0.81649658
0.49224325
1.03070523
0.27095358
0
0
0.40824829
0.40824829
0.81649658
0.44190982
-0.90912493
0.27095358
0
0
-0.40824829
0.40824829
0.81649658
0.49224325
1.03070523
0.27095358
0
0
0.40824829
0.40824829
0.81649658
0.49224325
-0.95945836
0.18553492
0
0
0.40824829
-0.40824829
0.81649658
0.49224325
1.03070523
0.18553492
0
0
0.40824829
0.40824829
0.81649658
0.49224325
1.03070523
0.27095358
0
0
0.40824829
0.40824829
0.81649658
-0.44315491
0.98037180
0.27095358
0
0
0.40824829
-0.40824829
0.81649658
0.44190982
0.98037180
0.27095358
0
0
-0.40824829
-0.40824829
0.81649658
-0.44315491
0.98037180
0.27095358
0
0
0.40824829
-0.40824829
0.81649658
0.49224325
1.03070523
0.27095358
0
0
0.40824829
0.40824829
0.81649658
-0.49348834
1.03070523
0.27095358
0
0
-0.40824829
0.40824829
0.81649658
-0.44315491
-0.90912493
0.27095358
0
0
0.40824829
0.40824829
0.81649658
-0.44315491
0.98037180
0.27095358
0
0
0.40824829
-0.40824829
0.81649658
-0.49348834
-0.95945836
0.27095358
0
0
-0.40824829
-0.40824829
0.81649658
-0.44315491
-0.90912493
0.27095358
0
0
0.40824829
0.40824829
0.81649658
0.44190982
-0.90912493
0.27095358
0
0
-0.40824829
0.40824829
0.81649658
-0.44315491
-0.90912493
0.18553492
0
0
0.40824829
0.40824829
0.81649658
0.44190982
-0.90912493
0.27095358
0
0
-0.40824829
0.40824829
0.81649658
-0.49348834
-0.95945836
0.27095358
0
0
-0.40824829
-0.40824829
0.81649658
0.49224325
-0.95945836
0.27095358
0
0
0.40824829
-0.40824829
0.81649658
0.44190982
0.98037180
0.27095358
0
0
-0.40824829
-0.40824829
0.81649658
-0.44315491
0.98037180
0.27095358
0
0
0.40824829
-0.40824829
0.81649658
0.44190982
0.98037180
0.18553492
0
0
-0.40824829
-0.40824829
0.81649658
0.44190982
0.98037180
0.27095358
0
0
-0.40824829
-0.40824829
0.81649658
0.44190982
-0.90912493
0.27095358
0
0
-0.40824829
0.40824829
0.81649658
0.49224325
1.03070523
0.27095358
0
0
0.40824829
0.40824829
0.81649658
