3168
0.71743837
-0.83104766
-0.12028001
0
0
0.56940603
-0.58242578
-0.58013531
0.71847844
-0.57854656
-0.12028001
0
0
0.58522221
0.57213994
-0.57460495
0.71743837
-0.83104766
-3.6164430e-2
0
0
0.56940603
-0.58242578
0.58013531
0.71743837
-0.83104766
-3.6164430e-2
0
0
0.56940603
-0.58242578
0.58013531
-0.71492289
-0.80456455
-0.12028001
0
0
-0.58522221
-0.57213994
-0.57460495
0.71743837
-0.83104766
-0.12028001
0
0
0.56940603
-0.58242578
-0.58013531
0.71743837
-0.83104766
-3.6164430e-2
0
0
0.56940603
-0.58242578
0.58013531
0.71847844
-0.57854656
-0.12028001
0
0
0.58522221
0.57213994
-0.57460495
0.71847844
-0.57854656
-3.6164430e-2
0
0
0.58522221
0.57213994
0.57460495
0.71743837
-0.83104766
-3.6164430e-2
0
0
0.56940603
-0.58242578
0.58013531
-0.71388282
-0.55206345
-3.6164430e-2
0
0
-0.56940603
0.58242578
0.58013531
-0.71492289
-0.80456455
-3.6164430e-2
0
0
-0.58522221
-0.57213994
0.57460495
-0.71492289
-0.80456455
-0.12028001
0
0
-0.58522221
-0.57213994
-0.57460495
0.71847844
-0.57854656
-0.12028001
0
0
0.58522221
0.57213994
-0.57460495
0.71743837
-0.83104766
-0.12028001
0
0
0.56940603
-0.58242578
-0.58013531
-0.71492289
-0.80456455
-0.12028001
0
0
-0.58522221
-0.57213994
-0.57460495
-0.71388282
-0.55206345
-3.6164430e-2
0
0
-0.56940603
0.58242578
0.58013531
-0.71388282
-0.55206345
-0.12028001
0
0
-0.56940603
0.58242578
-0.58013531
-0.71492289
-0.80456455
-3.6164430e-2
0
0
-0.58522221
-0.57213994
0.57460495
-0.71492289
-0.80456455
-0.12028001
0
0
-0.58522221
-0.57213994
-0.57460495
0.71743837
-0.83104766
-3.6164430e-2
0
0
0.56940603
-0.58242578
0.58013531
-0.71492289
-0.80456455
-3.6164430e-2
0
0
-0.58522221
-0.57213994
0.57460495
-0.71388282
-0.55206345
-3.6164430e-2
0
0
-0.56940603
0.58242578
0.58013531
-0.71492289
-0.80456455
-0.12028001
0
0
-0.58522221
-0.57213994
-0.57460495
0.71847844
-0.57854656
-0.12028001
0
0
0.58522221
0.57213994
-0.57460495
-0.71388282
-0.55206345
-3.6164430e-2
0
0
-0.56940603
0.58242578
0.58013531
0.71847844
-0.57854656
-3.6164430e-2
0
0
0.58522221
0.57213994
0.57460495
0.71847844
-0.57854656
-3.6164430e-2
0
0
0.58522221
0.57213994
0.57460495
-0.71388282
-0.55206345
-3.6164430e-2
0
0
-0.56940603
0.58242578
0.58013531
0.71743837
-0.83104766
-3.6164430e-2
0
0
0.56940603
-0.58242578
0.58013531
-0.71388282
-0.55206345
-0.12028001
0
0
-0.56940603
0.58242578
-0.58013531
0.71847844
-0.57854656
-0.12028001
0
0
0.58522221
0.57213994
-0.57460495
-0.71492289
-0.80456455
-0.12028001
0
0
-0.58522221
-0.57213994
-0.57460495
-0.71388282
-0.55206345
-0.12028001
0
0
-0.56940603
0.58242578
-0.58013531
-0.71388282
-0.55206345
-3.6164430e-2
0
0
-0.56940603
0.58242578
0.58013531
0.71847844
-0.57854656
-0.12028001
0
0
0.58522221
0.57213994
-0.57460495
0.71743837
-0.83104766
3.7942208e-2
0
0
0.56940603
-0.58242578
-0.58013531
0.71847844
-0.57854656
3.7942208e-2
0
0
0.58522221
0.57213994
-0.57460495
0.71743837
-0.83104766
0.12205779
0
0
0.56940603
-0.58242578
0.58013531
0.71743837
-0.83104766
0.12205779
0
0
0.56940603
-0.58242578
0.58013531
-0.71492289
-0.80456455
3.7942208e-2
0
0
-0.58522221
-0.57213994
-0.57460495
0.71743837
-0.83104766
3.7942208e-2
0
0
0.56940603
-0.58242578
-0.58013531
0.71743837
-0.83104766
0.12205779
0
0
0.56940603
-0.58242578
0.58013531
0.71847844
-0.57854656
3.7942208e-2
0
0
0.58522221
0.57213994
-0.57460495
0.71847844
-0.57854656
0.12205779
0
0
0.58522221
0.57213994
0.57460495
0.71743837
-0.83104766
0.12205779
0
0
0.56940603
-0.58242578
0.58013531
-0.71388282
-0.55206345
0.12205779
0
0
-0.56940603
0.58242578
0.58013531
-0.71492289
-0.80456455
0.12205779
0
0
-0.58522221
-0.57213994
0.57460495
-0.71492289
-0.80456455
3.7942208e-2
0
0
-0.58522221
-0.57213994
-0.57460495
0.71847844
-0.57854656
3.7942208e-2
0
0
0.58522221
0.57213994
-0.57460495
0.71743837
-0.83104766
3.7942208e-2
0
0
0.56940603
-0.58242578
-0.58013531
-0.71492289
-0.80456455
3.7942208e-2
0
0
-0.58522221
-0.57213994
-0.57460495
-0.71388282
-0.55206345
0.12205779
0
0
-0.56940603
0.58242578
0.58013531
-0.71388282
-0.55206345
3.7942208e-2
0
0
-0.56940603
0.58242578
-0.58013531
-0.71492289
-0.80456455
0.12205779
0
0
-0.58522221
-0.57213994
0.57460495
-0.71492289
-0.80456455
3.7942208e-2
0
0
-0.58522221
-0.57213994
-0.57460495
0.71743837
-0.83104766
0.12205779
0
0
0.56940603
-0.58242578
0.58013531
-0.71492289
-0.80456455
0.12205779
0
0
-0.58522221
-0.57213994
0.57460495
-0.71388282
-0.55206345
0.12205779
0
0
-0.56940603
0.58242578
0.58013531
-0.71492289
-0.80456455
3.7942208e-2
0
0
-0.58522221
-0.57213994
-0.57460495
0.71847844
-0.57854656
3.7942208e-2
0
0
0.58522221
0.57213994
-0.57460495
-0.71388282
-0.55206345
0.12205779
0
0
-0.56940603
0.58242578
0.58013531
0.71847844
-0.57854656
0.12205779
0
0
0.58522221
0.57213994
0.57460495
0.71847844
-0.57854656
0.12205779
0
0
0.58522221
0.57213994
0.57460495
-0.71388282
-0.55206345
0.12205779
0
0
-0.56940603
0.58242578
0.58013531
0.71743837
-0.83104766
0.12205779
0
0
0.56940603
-0.58242578
0.58013531
-0.71388282
-0.55206345
3.7942208e-2
0
0
-0.56940603
0.58242578
-0.58013531
0.71847844
-0.57854656
3.7942208e-2
0
0
0.58522221
0.57213994
-0.57460495
-0.71492289
-0.80456455
3.7942208e-2
0
0
-0.58522221
-0.57213994
-0.57460495
-0.71388282
-0.55206345
3.7942208e-2
0
0
-0.56940603
0.58242578
-0.58013531
-0.71388282
-0.55206345
0.12205779
0
0
-0.56940603
0.58242578
0.58013531
0.71847844
-0.57854656
3.7942208e-2
0
0
0.58522221
0.57213994
-0.57460495
0.71743837
0.62850789
-0.12028001
0
0
0.56940603
-0.58242578
-0.58013531
0.71847844
0.88100900
-0.12028001
0
0
0.58522221
0.57213994
-0.57460495
0.71743837
0.62850789
-3.6164430e-2
0
0
0.56940603
-0.58242578
0.58013531
0.71743837
0.62850789
-3.6164430e-2
0
0
0.56940603
-0.58242578
0.58013531
-0.71492289
0.65499100
-0.12028001
0
0
-0.58522221
-0.57213994
-0.57460495
0.71743837
0.62850789
-0.12028001
0
0
0.56940603
-0.58242578
-0.58013531
0.71743837
0.62850789
-3.6164430e-2
0
0
0.56940603
-0.58242578
0.58013531
0.71847844
0.88100900
-0.12028001
0
0
0.58522221
0.57213994
-0.57460495
0.71847844
0.88100900
-3.6164430e-2
0
0
0.58522221
0.57213994
0.57460495
0.71743837
0.62850789
-3.6164430e-2
0
0
0.56940603
-0.58242578
0.58013531
-0.71388282
0.90749211
-3.6164430e-2
0
0
-0.56940603
0.58242578
0.58013531
-0.71492289
0.65499100
-3.6164430e-2
0
0
-0.58522221
-0.57213994
0.57460495
-0.71492289
0.65499100
-0.12028001
0
0
-0.58522221
-0.57213994
-0.57460495
0.71847844
0.88100900
-0.12028001
0
0
0.58522221
0.57213994
-0.57460495
0.71743837
0.62850789
-0.12028001
0
0
0.56940603
-0.58242578
-0.58013531
-0.71492289
0.65499100
-0.12028001
0
0
-0.58522221
-0.57213994
-0.57460495
-0.71388282
0.90749211
-3.6164430e-2
0
0
-0.56940603
0.58242578
0.58013531
-0.71388282
0.90749211
-0.12028001
0
0
-0.56940603
0.58242578
-0.58013531
-0.71492289
0.65499100
-3.6164430e-2
0
0
-0.58522221
-0.57213994
0.57460495
-0.71492289
0.65499100
-0.12028001
0
0
-0.58522221
-0.57213994
-0.57460495
0.71743837
0.62850789
-3.6164430e-2
0
0
0.56940603
-0.58242578
0.58013531
-0.71492289
0.65499100
-3.6164430e-2
0
0
-0.58522221
-0.57213994
0.57460495
-0.71388282
0.90749211
-3.6164430e-2
0
0
-0.56940603
0.58242578
0.58013531
-0.71492289
0.65499100
-0.12028001
0
0
-0.58522221
-0.57213994
-0.57460495
0.71847844
0.88100900
-0.12028001
0
0
0.58522221
0.57213994
-0.57460495
-0.71388282
0.90749211
-3.6164430e-2
0
0
-0.56940603
0.58242578
0.58013531
0.71847844
0.88100900
-3.6164430e-2
0
0
0.58522221
0.57213994
0.57460495
0.71847844
0.88100900
-3.6164430e-2
0
0
0.58522221
0.57213994
0.57460495
-0.71388282
0.90749211
-3.6164430e-2
0
0
-0.56940603
0.58242578
0.58013531
0.71743837
0.62850789
-3.6164430e-2
0
0
0.56940603
-0.58242578
0.58013531
-0.71388282
0.90749211
-0.12028001
0
0
-0.56940603
0.58242578
-0.58013531
0.71847844
0.88100900
-0.12028001
0
0
0.58522221
0.57213994
-0.57460495
-0.71492289
0.65499100
-0.12028001
0
0
-0.58522221
-0.57213994
-0.57460495
-0.71388282
0.90749211
-0.12028001
0
0
-0.56940603
0.58242578
-0.58013531
-0.71388282
0.90749211
-3.6164430e-2
0
0
-0.56940603
0.58242578
0.58013531
0.71847844
0.88100900
-0.12028001
0
0
0.58522221
0.57213994
-0.57460495
0.71743837
0.62850789
3.7942208e-2
0
0
0.56940603
-0.58242578
-0.58013531
0.71847844
0.88100900
3.7942208e-2
0
0
0.58522221
0.57213994
-0.57460495
0.71743837
0.62850789
0.12205779
0
0
0.56940603
-0.58242578
0.58013531
0.71743837
0.62850789
0.12205779
0
0
0.56940603
-0.58242578
0.58013531
-0.71492289
0.65499100
3.7942208e-2
0
0
-0.58522221
-0.57213994
-0.57460495
0.71743837
0.62850789
3.7942208e-2
0
0
0.56940603
-0.58242578
-0.58013531
0.71743837
0.62850789
0.12205779
0
0
0.56940603
-0.58242578
0.58013531
0.71847844
0.88100900
3.7942208e-2
0
0
0.58522221
0.57213994
-0.57460495
0.71847844
0.88100900
0.12205779
0
0
0.58522221
0.57213994
0.57460495
0.71743837
0.62850789
0.12205779
0
0
0.56940603
-0.58242578
0.58013531
-0.71388282
0.90749211
0.12205779
0
0
-0.56940603
0.58242578
0.58013531
-0.71492289
0.65499100
0.12205779
0
0
-0.58522221
-0.57213994
0.57460495
-0.71492289
0.65499100
3.7942208e-2
0
0
-0.58522221
-0.57213994
-0.57460495
0.71847844
0.88100900
3.7942208e-2
0
0
0.58522221
0.57213994
-0.57460495
0.71743837
0.62850789
3.7942208e-2
0
0
0.56940603
-0.58242578
-0.58013531
-0.71492289
0.65499100
3.7942208e-2
0
0
-0.58522221
-0.57213994
-0.57460495
-0.71388282
0.90749211
0.12205779
0
0
-0.56940603
0.58242578
0.58013531
-0.71388282
0.90749211
3.7942208e-2
0
0
-0.56940603
0.58242578
-0.58013531
-0.71492289
0.65499100
0.12205779
0
0
-0.58522221
-0.57213994
0.57460495
-0.71492289
0.65499100
3.7942208e-2
0
0
-0.58522221
-0.57213994
-0.57460495
0.71743837
0.62850789
0.12205779
0
0
0.56940603
-0.58242578
0.58013531
-0.71492289
0.65499100
0.12205779
0
0
-0.58522221
-0.57213994
0.57460495
-0.71388282
0.90749211
0.12205779
0
0
-0.56940603
0.58242578
0.58013531
-0.71492289
0.65499100
3.7942208e-2
0
0
-0.58522221
-0.57213994
-0.57460495
0.71847844
0.88100900
3.7942208e-2
0
0
0.58522221
0.57213994
-0.57460495
-0.71388282
0.90749211
0.12205779
0
0
-0.56940603
0.58242578
0.58013531
0.71847844
0.88100900
0.12205779
0
0
0.58522221
0.57213994
0.57460495
0.71847844
0.88100900
0.12205779
0
0
0.58522221
0.57213994
0.57460495
-0.71388282
0.90749211
0.12205779
0
0
-0.56940603
0.58242578
0.58013531
0.71743837
0.62850789
0.12205779
0
0
0.56940603
-0.58242578
0.58013531
-0.71388282
0.90749211
3.7942208e-2
0
0
-0.56940603
0.58242578
-0.58013531
0.71847844
0.88100900
3.7942208e-2
0
0
0.58522221
0.57213994
-0.57460495
-0.71492289
0.65499100
3.7942208e-2
0
0
-0.58522221
-0.57213994
-0.57460495
-0.71388282
0.90749211
3.7942208e-2
0
0
-0.56940603
0.58242578
-0.58013531
-0.71388282
0.90749211
0.12205779
0
0
-0.56940603
0.58242578
0.58013531
0.71847844
0.88100900
3.7942208e-2
0
0
0.58522221
0.57213994
-0.57460495
-0.79242292
-1.29691813
-0.12028001
0
0
-0.77582678
-0.25447883
-0.57735027
-0.56711498
-1.41092686
-0.12028001
0
0
0.25447883
-0.77582678
-0.57735027
-0.79242292
-1.29691813
-3.6164430e-2
0
0
-0.77582678
-0.25447883
0.57735027
-0.79242292
-1.29691813
-3.6164430e-2
0
0
-0.77582678
-0.25447883
0.57735027
0.57778164
1.41092686
-0.12028001
0
0
-0.25447883
0.77582678
-0.57735027
-0.79242292
-1.29691813
-0.12028001
0
0
-0.77582678
-0.25447883
-0.57735027
-0.79242292
-1.29691813
-3.6164430e-2
0
0
-0.77582678
-0.25447883
0.57735027
-0.56711498
-1.41092686
-0.12028001
0
0
0.25447883
-0.77582678
-0.57735027
-0.56711498
-1.41092686
-3.6164430e-2
0
0
0.25447883
-0.77582678
0.57735027
-0.79242292
-1.29691813
-3.6164430e-2
0
0
-0.77582678
-0.25447883
0.57735027
0.80308959
1.29691813
-3.6164430e-2
0
0
0.77582678
0.25447883
0.57735027
0.57778164
1.41092686
-3.6164430e-2
0
0
-0.25447883
0.77582678
0.57735027
0.57778164
1.41092686
-0.12028001
0
0
-0.25447883
0.77582678
-0.57735027
-0.56711498
-1.41092686
-0.12028001
0
0
0.25447883
-0.77582678
-0.57735027
-0.79242292
-1.29691813
-0.12028001
0
0
-0.77582678
-0.25447883
-0.57735027
0.57778164
1.41092686
-0.12028001
0
0
-0.25447883
0.77582678
-0.57735027
0.80308959
1.29691813
-3.6164430e-2
0
0
0.77582678
0.25447883
0.57735027
0.80308959
1.29691813
-0.12028001
0
0
0.77582678
0.25447883
-0.57735027
0.57778164
1.41092686
-3.6164430e-2
0
0
-0.25447883
0.77582678
0.57735027
0.57778164
1.41092686
-0.12028001
0
0
-0.25447883
0.77582678
-0.57735027
-0.79242292
-1.29691813
-3.6164430e-2
0
0
-0.77582678
-0.25447883
0.57735027
0.57778164
1.41092686
-3.6164430e-2
0
0
-0.25447883
0.77582678
0.57735027
0.80308959
1.29691813
-3.6164430e-2
0
0
0.77582678
0.25447883
0.57735027
0.57778164
1.41092686
-0.12028001
0
0
-0.25447883
0.77582678
-0.57735027
-0.56711498
-1.41092686
-0.12028001
0
0
0.25447883
-0.77582678
-0.57735027
0.80308959
1.29691813
-3.6164430e-2
0
0
0.77582678
0.25447883
0.57735027
-0.56711498
-1.41092686
-3.6164430e-2
0
0
0.25447883
-0.77582678
0.57735027
-0.56711498
-1.41092686
-3.6164430e-2
0
0
0.25447883
-0.77582678
0.57735027
0.80308959
1.29691813
-3.6164430e-2
0
0
0.77582678
0.25447883
0.57735027
-0.79242292
-1.29691813
-3.6164430e-2
0
0
-0.77582678
-0.25447883
0.57735027
0.80308959
1.29691813
-0.12028001
0
0
0.77582678
0.25447883
-0.57735027
-0.56711498
-1.41092686
-0.12028001
0
0
0.25447883
-0.77582678
-0.57735027
0.57778164
1.41092686
-0.12028001
0
0
-0.25447883
0.77582678
-0.57735027
0.80308959
1.29691813
-0.12028001
0
0
0.77582678
0.25447883
-0.57735027
0.80308959
1.29691813
-3.6164430e-2
0
0
0.77582678
0.25447883
0.57735027
-0.56711498
-1.41092686
-0.12028001
0
0
0.25447883
-0.77582678
-0.57735027
0.57975111
-1.41012620
3.7942208e-2
0
0
-0.25339532
-0.77618134
-0.57735027
0.80489965
-1.29580299
3.7942208e-2
0
0
0.77618134
-0.25339532
-0.57735027
0.57975111
-1.41012620
0.12205779
0
0
-0.25339532
-0.77618134
0.57735027
0.57975111
-1.41012620
0.12205779
0
0
-0.25339532
-0.77618134
0.57735027
-0.79423299
1.29580299
3.7942208e-2
0
0
-0.77618134
0.25339532
-0.57735027
0.57975111
-1.41012620
3.7942208e-2
0
0
-0.25339532
-0.77618134
-0.57735027
0.57975111
-1.41012620
0.12205779
0
0
-0.25339532
-0.77618134
0.57735027
0.80489965
-1.29580299
3.7942208e-2
0
0
0.77618134
-0.25339532
-0.57735027
0.80489965
-1.29580299
0.12205779
0
0
0.77618134
-0.25339532
0.57735027
0.57975111
-1.41012620
0.12205779
0
0
-0.25339532
-0.77618134
0.57735027
-0.56908444
1.41012620
0.12205779
0
0
0.25339532
0.77618134
0.57735027
-0.79423299
1.29580299
0.12205779
0
0
-0.77618134
0.25339532
0.57735027
-0.79423299
1.29580299
3.7942208e-2
0
0
-0.77618134
0.25339532
-0.57735027
0.80489965
-1.29580299
3.7942208e-2
0
0
0.77618134
-0.25339532
-0.57735027
0.57975111
-1.41012620
3.7942208e-2
0
0
-0.25339532
-0.77618134
-0.57735027
-0.79423299
1.29580299
3.7942208e-2
0
0
-0.77618134
0.25339532
-0.57735027
-0.56908444
1.41012620
0.12205779
0
0
0.25339532
0.77618134
0.57735027
-0.56908444
1.41012620
3.7942208e-2
0
0
0.25339532
0.77618134
-0.57735027
-0.79423299
1.29580299
0.12205779
0
0
-0.77618134
0.25339532
0.57735027
-0.79423299
1.29580299
3.7942208e-2
0
0
-0.77618134
0.25339532
-0.57735027
0.57975111
-1.41012620
0.12205779
0
0
-0.25339532
-0.77618134
0.57735027
-0.79423299
1.29580299
0.12205779
0
0
-0.77618134
0.25339532
0.57735027
-0.56908444
1.41012620
0.12205779
0
0
0.25339532
0.77618134
0.57735027
-0.79423299
1.29580299
3.7942208e-2
0
0
-0.77618134
0.25339532
-0.57735027
0.80489965
-1.29580299
3.7942208e-2
0
0
0.77618134
-0.25339532
-0.57735027
-0.56908444
1.41012620
0.12205779
0
0
0.25339532
0.77618134
0.57735027
0.80489965
-1.29580299
0.12205779
0
0
0.77618134
-0.25339532
0.57735027
0.80489965
-1.29580299
0.12205779
0
0
0.77618134
-0.25339532
0.57735027
-0.56908444
1.41012620
0.12205779
0
0
0.25339532
0.77618134
0.57735027
0.57975111
-1.41012620
0.12205779
0
0
-0.25339532
-0.77618134
0.57735027
-0.56908444
1.41012620
3.7942208e-2
0
0
0.25339532
0.77618134
-0.57735027
0.80489965
-1.29580299
3.7942208e-2
0
0
0.77618134
-0.25339532
-0.57735027
-0.79423299
1.29580299
3.7942208e-2
0
0
-0.77618134
0.25339532
-0.57735027
-0.56908444
1.41012620
3.7942208e-2
0
0
0.25339532
0.77618134
-0.57735027
-0.56908444
1.41012620
0.12205779
0
0
0.25339532
0.77618134
0.57735027
0.80489965
-1.29580299
3.7942208e-2
0
0
0.77618134
-0.25339532
-0.57735027
0.17241131
-1.37444712
-4.2057792e-2
0
0
-0.57735027
-0.57735027
-0.57735027
0.42492203
-1.37444712
-4.2057792e-2
0
0
0.57735027
-0.57735027
-0.57735027
0.17241131
-1.37444712
4.2057792e-2
0
0
-0.57735027
-0.57735027
0.57735027
0.17241131
-1.37444712
4.2057792e-2
0
0
-0.57735027
-0.57735027
0.57735027
0.17241131
1.37444712
-4.2057792e-2
0
0
-0.57735027
0.57735027
-0.57735027
0.17241131
-1.37444712
-4.2057792e-2
0
0
-0.57735027
-0.57735027
-0.57735027
0.17241131
-1.37444712
4.2057792e-2
0
0
-0.57735027
-0.57735027
0.57735027
0.42492203
-1.37444712
-4.2057792e-2
0
0
0.57735027
-0.57735027
-0.57735027
0.42492203
-1.37444712
4.2057792e-2
0
0
0.57735027
-0.57735027
0.57735027
0.17241131
-1.37444712
4.2057792e-2
0
0
-0.57735027
-0.57735027
0.57735027
0.42492203
1.37444712
4.2057792e-2
0
0
0.57735027
0.57735027
0.57735027
0.17241131
1.37444712
4.2057792e-2
0
0
-0.57735027
0.57735027
0.57735027
0.17241131
1.37444712
-4.2057792e-2
0
0
-0.57735027
0.57735027
-0.57735027
0.42492203
-1.37444712
-4.2057792e-2
0
0
0.57735027
-0.57735027
-0.57735027
0.17241131
-1.37444712
-4.2057792e-2
0
0
-0.57735027
-0.57735027
-0.57735027
0.17241131
1.37444712
-4.2057792e-2
0
0
-0.57735027
0.57735027
-0.57735027
0.42492203
1.37444712
4.2057792e-2
0
0
0.57735027
0.57735027
0.57735027
0.42492203
1.37444712
-4.2057792e-2
0
0
0.57735027
0.57735027
-0.57735027
0.17241131
1.37444712
4.2057792e-2
0
0
-0.57735027
0.57735027
0.57735027
0.17241131
1.37444712
-4.2057792e-2
0
0
-0.57735027
0.57735027
-0.57735027
0.17241131
-1.37444712
4.2057792e-2
0
0
-0.57735027
-0.57735027
0.57735027
0.17241131
1.37444712
4.2057792e-2
0
0
-0.57735027
0.57735027
0.57735027
0.42492203
1.37444712
4.2057792e-2
0
0
0.57735027
0.57735027
0.57735027
0.17241131
1.37444712
-4.2057792e-2
0
0
-0.57735027
0.57735027
-0.57735027
0.42492203
-1.37444712
-4.2057792e-2
0
0
0.57735027
-0.57735027
-0.57735027
0.42492203
1.37444712
4.2057792e-2
0
0
0.57735027
0.57735027
0.57735027
0.42492203
-1.37444712
4.2057792e-2
0
0
0.57735027
-0.57735027
0.57735027
0.42492203
-1.37444712
4.2057792e-2
0
0
0.57735027
-0.57735027
0.57735027
0.42492203
1.37444712
4.2057792e-2
0
0
0.57735027
0.57735027
0.57735027
0.17241131
-1.37444712
4.2057792e-2
0
0
-0.57735027
-0.57735027
0.57735027
0.42492203
1.37444712
-4.2057792e-2
0
0
0.57735027
0.57735027
-0.57735027
0.42492203
-1.37444712
-4.2057792e-2
0
0
0.57735027
-0.57735027
-0.57735027
0.17241131
1.37444712
-4.2057792e-2
0
0
-0.57735027
0.57735027
-0.57735027
0.42492203
1.37444712
-4.2057792e-2
0
0
0.57735027
0.57735027
-0.57735027
0.42492203
1.37444712
4.2057792e-2
0
0
0.57735027
0.57735027
0.57735027
0.42492203
-1.37444712
-4.2057792e-2
0
0
0.57735027
-0.57735027
-0.57735027
-0.12269980
-1.37444712
-4.2057792e-2
0
0
-0.57735027
-0.57735027
-0.57735027
0.12981092
-1.37444712
-4.2057792e-2
0
0
0.57735027
-0.57735027
-0.57735027
-0.12269980
-1.37444712
4.2057792e-2
0
0
-0.57735027
-0.57735027
0.57735027
-0.12269980
-1.37444712
4.2057792e-2
0
0
-0.57735027
-0.57735027
0.57735027
-0.12269980
1.37444712
-4.2057792e-2
0
0
-0.57735027
0.57735027
-0.57735027
-0.12269980
-1.37444712
-4.2057792e-2
0
0
-0.57735027
-0.57735027
-0.57735027
-0.12269980
-1.37444712
4.2057792e-2
0
0
-0.57735027
-0.57735027
0.57735027
0.12981092
-1.37444712
-4.2057792e-2
0
0
0.57735027
-0.57735027
-0.57735027
0.12981092
-1.37444712
4.2057792e-2
0
0
0.57735027
-0.57735027
0.57735027
-0.12269980
-1.37444712
4.2057792e-2
0
0
-0.57735027
-0.57735027
0.57735027
0.12981092
1.37444712
4.2057792e-2
0
0
0.57735027
0.57735027
0.57735027
-0.12269980
1.37444712
4.2057792e-2
0
0
-0.57735027
0.57735027
0.57735027
-0.12269980
1.37444712
-4.2057792e-2
0
0
-0.57735027
0.57735027
-0.57735027
0.12981092
-1.37444712
-4.2057792e-2
0
0
0.57735027
-0.57735027
-0.57735027
-0.12269980
-1.37444712
-4.2057792e-2
0
0
-0.57735027
-0.57735027
-0.57735027
-0.12269980
1.37444712
-4.2057792e-2
0
0
-0.57735027
0.57735027
-0.57735027
0.12981092
1.37444712
4.2057792e-2
0
0
0.57735027
0.57735027
0.57735027
0.12981092
1.37444712
-4.2057792e-2
0
0
0.57735027
0.57735027
-0.57735027
-0.12269980
1.37444712
4.2057792e-2
0
0
-0.57735027
0.57735027
0.57735027
-0.12269980
1.37444712
-4.2057792e-2
0
0
-0.57735027
0.57735027
-0.57735027
-0.12269980
-1.37444712
4.2057792e-2
0
0
-0.57735027
-0.57735027
0.57735027
-0.12269980
1.37444712
4.2057792e-2
0
0
-0.57735027
0.57735027
0.57735027
0.12981092
1.37444712
4.2057792e-2
0
0
0.57735027
0.57735027
0.57735027
-0.12269980
1.37444712
-4.2057792e-2
0
0
-0.57735027
0.57735027
-0.57735027
0.12981092
-1.37444712
-4.2057792e-2
0
0
0.57735027
-0.57735027
-0.57735027
0.12981092
1.37444712
4.2057792e-2
0
0
0.57735027
0.57735027
0.57735027
0.12981092
-1.37444712
4.2057792e-2
0
0
0.57735027
-0.57735027
0.57735027
0.12981092
-1.37444712
4.2057792e-2
0
0
0.57735027
-0.57735027
0.57735027
0.12981092
1.37444712
4.2057792e-2
0
0
0.57735027
0.57735027
0.57735027
-0.12269980
-1.37444712
4.2057792e-2
0
0
-0.57735027
-0.57735027
0.57735027
0.12981092
1.37444712
-4.2057792e-2
0
0
0.57735027
0.57735027
-0.57735027
0.12981092
-1.37444712
-4.2057792e-2
0
0
0.57735027
-0.57735027
-0.57735027
-0.12269980
1.37444712
-4.2057792e-2
0
0
-0.57735027
0.57735027
-0.57735027
0.12981092
1.37444712
-4.2057792e-2
0
0
0.57735027
0.57735027
-0.57735027
0.12981092
1.37444712
4.2057792e-2
0
0
0.57735027
0.57735027
0.57735027
0.12981092
-1.37444712
-4.2057792e-2
0
0
0.57735027
-0.57735027
-0.57735027
0.46396686
-1.37444712
-4.2057792e-2
0
0
-0.57735027
-0.57735027
-0.57735027
0.71647758
-1.37444712
-4.2057792e-2
0
0
0.57735027
-0.57735027
-0.57735027
0.46396686
-1.37444712
4.2057792e-2
0
0
-0.57735027
-0.57735027
0.57735027
0.46396686
-1.37444712
4.2057792e-2
0
0
-0.57735027
-0.57735027
0.57735027
0.46396686
1.37444712
-4.2057792e-2
0
0
-0.57735027
0.57735027
-0.57735027
0.46396686
-1.37444712
-4.2057792e-2
0
0
-0.57735027
-0.57735027
-0.57735027
0.46396686
-1.37444712
4.2057792e-2
0
0
-0.57735027
-0.57735027
0.57735027
0.71647758
-1.37444712
-4.2057792e-2
0
0
0.57735027
-0.57735027
-0.57735027
0.71647758
-1.37444712
4.2057792e-2
0
0
0.57735027
-0.57735027
0.57735027
0.46396686
-1.37444712
4.2057792e-2
0
0
-0.57735027
-0.57735027
0.57735027
0.71647758
1.37444712
4.2057792e-2
0
0
0.57735027
0.57735027
0.57735027
0.46396686
1.37444712
4.2057792e-2
0
0
-0.57735027
0.57735027
0.57735027
0.46396686
1.37444712
-4.2057792e-2
0
0
-0.57735027
0.57735027
-0.57735027
0.71647758
-1.37444712
-4.2057792e-2
0
0
0.57735027
-0.57735027
-0.57735027
0.46396686
-1.37444712
-4.2057792e-2
0
0
-0.57735027
-0.57735027
-0.57735027
0.46396686
1.37444712
-4.2057792e-2
0
0
-0.57735027
0.57735027
-0.57735027
0.71647758
1.37444712
4.2057792e-2
0
0
0.57735027
0.57735027
0.57735027
0.71647758
1.37444712
-4.2057792e-2
0
0
0.57735027
0.57735027
-0.57735027
0.46396686
1.37444712
4.2057792e-2
0
0
-0.57735027
0.57735027
0.57735027
0.46396686
1.37444712
-4.2057792e-2
0
0
-0.57735027
0.57735027
-0.57735027
0.46396686
-1.37444712
4.2057792e-2
0
0
-0.57735027
-0.57735027
0.57735027
0.46396686
1.37444712
4.2057792e-2
0
0
-0.57735027
0.57735027
0.57735027
0.71647758
1.37444712
4.2057792e-2
0
0
0.57735027
0.57735027
0.57735027
0.46396686
1.37444712
-4.2057792e-2
0
0
-0.57735027
0.57735027
-0.57735027
0.71647758
-1.37444712
-4.2057792e-2
0
0
0.57735027
-0.57735027
-0.57735027
0.71647758
1.37444712
4.2057792e-2
0
0
0.57735027
0.57735027
0.57735027
0.71647758
-1.37444712
4.2057792e-2
0
0
0.57735027
-0.57735027
0.57735027
0.71647758
-1.37444712
4.2057792e-2
0
0
0.57735027
-0.57735027
0.57735027
0.71647758
1.37444712
4.2057792e-2
0
0
0.57735027
0.57735027
0.57735027
0.46396686
-1.37444712
4.2057792e-2
0
0
-0.57735027
-0.57735027
0.57735027
0.71647758
1.37444712
-4.2057792e-2
0
0
0.57735027
0.57735027
-0.57735027
0.71647758
-1.37444712
-4.2057792e-2
0
0
0.57735027
-0.57735027
-0.57735027
0.46396686
1.37444712
-4.2057792e-2
0
0
-0.57735027
0.57735027
-0.57735027
0.71647758
1.37444712
-4.2057792e-2
0
0
0.57735027
0.57735027
-0.57735027
0.71647758
1.37444712
4.2057792e-2
0
0
0.57735027
0.57735027
0.57735027
0.71647758
-1.37444712
-4.2057792e-2
0
0
0.57735027
-0.57735027
-0.57735027
-0.75381092
-1.37444712
-4.2057792e-2
0
0
-0.57735027
-0.57735027
-0.57735027
-0.50130020
-1.37444712
-4.2057792e-2
0
0
0.57735027
-0.57735027
-0.57735027
-0.75381092
-1.37444712
4.2057792e-2
0
0
-0.57735027
-0.57735027
0.57735027
-0.75381092
-1.37444712
4.2057792e-2
0
0
-0.57735027
-0.57735027
0.57735027
-0.75381092
1.37444712
-4.2057792e-2
0
0
-0.57735027
0.57735027
-0.57735027
-0.75381092
-1.37444712
-4.2057792e-2
0
0
-0.57735027
-0.57735027
-0.57735027
-0.75381092
-1.37444712
4.2057792e-2
0
0
-0.57735027
-0.57735027
0.57735027
-0.50130020
-1.37444712
-4.2057792e-2
0
0
0.57735027
-0.57735027
-0.57735027
-0.50130020
-1.37444712
4.2057792e-2
0
0
0.57735027
-0.57735027
0.57735027
-0.75381092
-1.37444712
4.2057792e-2
0
0
-0.57735027
-0.57735027
0.57735027
-0.50130020
1.37444712
4.2057792e-2
0
0
0.57735027
0.57735027
0.57735027
-0.75381092
1.37444712
4.2057792e-2
0
0
-0.57735027
0.57735027
0.57735027
-0.75381092
1.37444712
-4.2057792e-2
0
0
-0.57735027
0.57735027
-0.57735027
-0.50130020
-1.37444712
-4.2057792e-2
0
0
0.57735027
-0.57735027
-0.57735027
-0.75381092
-1.37444712
-4.2057792e-2
0
0
-0.57735027
-0.57735027
-0.57735027
-0.75381092
1.37444712
-4.2057792e-2
0
0
-0.57735027
0.57735027
-0.57735027
-0.50130020
1.37444712
4.2057792e-2
0
0
0.57735027
0.57735027
0.57735027
-0.50130020
1.37444712
-4.2057792e-2
0
0
0.57735027
0.57735027
-0.57735027
-0.75381092
1.37444712
4.2057792e-2
0
0
-0.57735027
0.57735027
0.57735027
-0.75381092
1.37444712
-4.2057792e-2
0
0
-0.57735027
0.57735027
-0.57735027
-0.75381092
-1.37444712
4.2057792e-2
0
0
-0.57735027
-0.57735027
0.57735027
-0.75381092
1.37444712
4.2057792e-2
0
0
-0.57735027
0.57735027
0.57735027
-0.50130020
1.37444712
4.2057792e-2
0
0
0.57735027
0.57735027
0.57735027
-0.75381092
1.37444712
-4.2057792e-2
0
0
-0.57735027
0.57735027
-0.57735027
-0.50130020
-1.37444712
-4.2057792e-2
0
0
0.57735027
-0.57735027
-0.57735027
-0.50130020
1.37444712
4.2057792e-2
0
0
0.57735027
0.57735027
0.57735027
-0.50130020
-1.37444712
4.2057792e-2
0
0
0.57735027
-0.57735027
0.57735027
-0.50130020
-1.37444712
4.2057792e-2
0
0
0.57735027
-0.57735027
0.57735027
-0.50130020
1.37444712
4.2057792e-2
0
0
0.57735027
0.57735027
0.57735027
-0.75381092
-1.37444712
4.2057792e-2
0
0
-0.57735027
-0.57735027
0.57735027
-0.50130020
1.37444712
-4.2057792e-2
0
0
0.57735027
0.57735027
-0.57735027
-0.50130020
-1.37444712
-4.2057792e-2
0
0
0.57735027
-0.57735027
-0.57735027
-0.75381092
1.37444712
-4.2057792e-2
0
0
-0.57735027
0.57735027
-0.57735027
-0.50130020
1.37444712
-4.2057792e-2
0
0
0.57735027
0.57735027
-0.57735027
-0.50130020
1.37444712
4.2057792e-2
0
0
0.57735027
0.57735027
0.57735027
-0.50130020
-1.37444712
-4.2057792e-2
0
0
0.57735027
-0.57735027
-0.57735027
-0.42847758
-1.37444712
-4.2057792e-2
0
0
-0.57735027
-0.57735027
-0.57735027
-0.17596686
-1.37444712
-4.2057792e-2
0
0
0.57735027
-0.57735027
-0.57735027
-0.42847758
-1.37444712
4.2057792e-2
0
0
-0.57735027
-0.57735027
0.57735027
-0.42847758
-1.37444712
4.2057792e-2
0
0
-0.57735027
-0.57735027
0.57735027
-0.42847758
1.37444712
-4.2057792e-2
0
0
-0.57735027
0.57735027
-0.57735027
-0.42847758
-1.37444712
-4.2057792e-2
0
0
-0.57735027
-0.57735027
-0.57735027
-0.42847758
-1.37444712
4.2057792e-2
0
0
-0.57735027
-0.57735027
0.57735027
-0.17596686
-1.37444712
-4.2057792e-2
0
0
0.57735027
-0.57735027
-0.57735027
-0.17596686
-1.37444712
4.2057792e-2
0
0
0.57735027
-0.57735027
0.57735027
-0.42847758
-1.37444712
4.2057792e-2
0
0
-0.57735027
-0.57735027
0.57735027
-0.17596686
1.37444712
4.2057792e-2
0
0
0.57735027
0.57735027
0.57735027
-0.42847758
1.37444712
4.2057792e-2
0
0
-0.57735027
0.57735027
0.57735027
-0.42847758
1.37444712
-4.2057792e-2
0
0
-0.57735027
0.57735027
-0.57735027
-0.17596686
-1.37444712
-4.2057792e-2
0
0
0.57735027
-0.57735027
-0.57735027
-0.42847758
-1.37444712
-4.2057792e-2
0
0
-0.57735027
-0.57735027
-0.57735027
-0.42847758
1.37444712
-4.2057792e-2
0
0
-0.57735027
0.57735027
-0.57735027
-0.17596686
1.37444712
4.2057792e-2
0
0
0.57735027
0.57735027
0.57735027
-0.17596686
1.37444712
-4.2057792e-2
0
0
0.57735027
0.57735027
-0.57735027
-0.42847758
1.37444712
4.2057792e-2
0
0
-0.57735027
0.57735027
0.57735027
-0.42847758
1.37444712
-4.2057792e-2
0
0
-0.57735027
0.57735027
-0.57735027
-0.42847758
-1.37444712
4.2057792e-2
0
0
-0.57735027
-0.57735027
0.57735027
-0.42847758
1.37444712
4.2057792e-2
0
0
-0.57735027
0.57735027
0.57735027
-0.17596686
1.37444712
4.2057792e-2
0
0
0.57735027
0.57735027
0.57735027
-0.42847758
1.37444712
-4.2057792e-2
0
0
-0.57735027
0.57735027
-0.57735027
-0.17596686
-1.37444712
-4.2057792e-2
0
0
0.57735027
-0.57735027
-0.57735027
-0.17596686
1.37444712
4.2057792e-2
0
0
0.57735027
0.57735027
0.57735027
-0.17596686
-1.37444712
4.2057792e-2
0
0
0.57735027
-0.57735027
0.57735027
-0.17596686
-1.37444712
4.2057792e-2
0
0
0.57735027
-0.57735027
0.57735027
-0.17596686
1.37444712
4.2057792e-2
0
0
0.57735027
0.57735027
0.57735027
-0.42847758
-1.37444712
4.2057792e-2
0
0
-0.57735027
-0.57735027
0.57735027
-0.17596686
1.37444712
-4.2057792e-2
0
0
0.57735027
0.57735027
-0.57735027
-0.17596686
-1.37444712
-4.2057792e-2
0
0
0.57735027
-0.57735027
-0.57735027
-0.42847758
1.37444712
-4.2057792e-2
0
0
-0.57735027
0.57735027
-0.57735027
-0.17596686
1.37444712
-4.2057792e-2
0
0
0.57735027
0.57735027
-0.57735027
-0.17596686
1.37444712
4.2057792e-2
0
0
0.57735027
0.57735027
0.57735027
-0.17596686
-1.37444712
-4.2057792e-2
0
0
0.57735027
-0.57735027
-0.57735027
