2400
-0.54114766
-1.97809795
0.84828408
0
0
-2.6019635e-2
-0.37064692
0.92840931
-0.71128070
-1.99674214
0.47461559
0
0
-0.70199554
-0.44472437
-0.55625758
1.27907729
-1.97879536
1.9561791e-2
0
0
0.71708409
-0.37093164
0.59008485
-0.54114766
-1.97809795
0.84828408
0
0
-2.6019635e-2
-0.37064692
0.92840931
-0.20767697
-1.60461339
0.67781828
0
0
-2.6019635e-2
-0.37064692
0.92840931
-0.61499225
2.01378821
0.68273073
0
0
-4.1108187e-2
0.44500909
0.89458204
1.27907729
-1.97879536
1.9561791e-2
0
0
0.71708409
-0.37093164
0.59008485
-0.71128070
-1.99674214
0.47461559
0
0
-0.70199554
-0.44472437
-0.55625758
1.10894425
-1.99743955
-0.35410670
0
0
4.1108187e-2
-0.44500909
-0.89458204
1.27907729
-1.97879536
1.9561791e-2
0
0
0.71708409
-0.37093164
0.59008485
1.03509966
1.99444660
-0.51966005
0
0
2.6019635e-2
0.37064692
-0.92840931
1.20523271
2.01309079
-0.14599156
0
0
0.70199554
0.44472437
0.55625758
1.27907729
-1.97879536
1.9561791e-2
0
0
0.71708409
-0.37093164
0.59008485
-0.20767697
-1.60461339
0.67781828
0
0
-2.6019635e-2
-0.37064692
0.92840931
-0.54114766
-1.97809795
0.84828408
0
0
-2.6019635e-2
-0.37064692
0.92840931
-0.61499225
2.01378821
0.68273073
0
0
-4.1108187e-2
0.44500909
0.89458204
-0.71128070
-1.99674214
0.47461559
0
0
-0.70199554
-0.44472437
-0.55625758
-0.54114766
-1.97809795
0.84828408
0
0
-2.6019635e-2
-0.37064692
0.92840931
-0.61499225
2.01378821
0.68273073
0
0
-4.1108187e-2
0.44500909
0.89458204
1.03509966
1.99444660
-0.51966005
0
0
2.6019635e-2
0.37064692
-0.92840931
-0.78512529
1.99514402
0.30906223
0
0
-0.71708409
0.37093164
-0.59008485
-0.61499225
2.01378821
0.68273073
0
0
-4.1108187e-2
0.44500909
0.89458204
0.87176202
1.63960624
2.4474239e-2
0
0
0.80762138
0.40450886
0.42909241
1.20523271
2.01309079
-0.14599156
0
0
0.70199554
0.44472437
0.55625758
1.20523271
2.01309079
-0.14599156
0
0
0.70199554
0.44472437
0.55625758
1.03509966
1.99444660
-0.51966005
0
0
2.6019635e-2
0.37064692
-0.92840931
-0.61499225
2.01378821
0.68273073
0
0
-4.1108187e-2
0.44500909
0.89458204
1.20523271
2.01309079
-0.14599156
0
0
0.70199554
0.44472437
0.55625758
0.87176202
1.63960624
2.4474239e-2
0
0
0.80762138
0.40450886
0.42909241
1.27907729
-1.97879536
1.9561791e-2
0
0
0.71708409
-0.37093164
0.59008485
-0.71128070
-1.99674214
0.47461559
0
0
-0.70199554
-0.44472437
-0.55625758
0.91330054
-1.78689445
-0.27553434
0
0
4.1108187e-2
-0.44500909
-0.89458204
1.10894425
-1.99743955
-0.35410670
0
0
4.1108187e-2
-0.44500909
-0.89458204
-0.71128070
-1.99674214
0.47461559
0
0
-0.70199554
-0.44472437
-0.55625758
-0.58948158
1.78459891
0.23048987
0
0
-0.71708409
0.37093164
-0.59008485
-0.52342388
-1.78634397
0.37858567
0
0
-0.70199554
-0.44472437
-0.55625758
1.10894425
-1.99743955
-0.35410670
0
0
4.1108187e-2
-0.44500909
-0.89458204
1.03509966
1.99444660
-0.51966005
0
0
2.6019635e-2
0.37064692
-0.92840931
1.27907729
-1.97879536
1.9561791e-2
0
0
0.71708409
-0.37093164
0.59008485
1.10894425
-1.99743955
-0.35410670
0
0
4.1108187e-2
-0.44500909
-0.89458204
0.91330054
-1.78689445
-0.27553434
0
0
4.1108187e-2
-0.44500909
-0.89458204
1.03509966
1.99444660
-0.51966005
0
0
2.6019635e-2
0.37064692
-0.92840931
-0.78512529
1.99514402
0.30906223
0
0
-0.71708409
0.37093164
-0.59008485
-0.71128070
-1.99674214
0.47461559
0
0
-0.70199554
-0.44472437
-0.55625758
-0.61499225
2.01378821
0.68273073
0
0
-4.1108187e-2
0.44500909
0.89458204
-0.78512529
1.99514402
0.30906223
0
0
-0.71708409
0.37093164
-0.59008485
-0.58948158
1.78459891
0.23048987
0
0
-0.71708409
0.37093164
-0.59008485
-0.71128070
-1.99674214
0.47461559
0
0
-0.70199554
-0.44472437
-0.55625758
1.03509966
1.99444660
-0.51966005
0
0
2.6019635e-2
0.37064692
-0.92840931
0.91330054
-1.78689445
-0.27553434
0
0
4.1108187e-2
-0.44500909
-0.89458204
0.84724284
1.78404844
-0.42363013
0
0
2.6019635e-2
0.37064692
-0.92840931
1.03509966
1.99444660
-0.51966005
0
0
2.6019635e-2
0.37064692
-0.92840931
-0.58948158
1.78459891
0.23048987
0
0
-0.71708409
0.37093164
-0.59008485
-0.78512529
1.99514402
0.30906223
0
0
-0.71708409
0.37093164
-0.59008485
0.91330054
-1.78689445
-0.27553434
0
0
4.1108187e-2
-0.44500909
-0.89458204
-0.54034980
-1.78819881
0.34141075
0
0
-0.70199554
-0.44472437
-0.55625758
0.89637463
-1.78874929
-0.31270925
0
0
-9.4449914e-2
-0.34233845
-0.93481742
-0.52342388
-1.78634397
0.37858567
0
0
-0.70199554
-0.44472437
-0.55625758
0.91330054
-1.78689445
-0.27553434
0
0
4.1108187e-2
-0.44500909
-0.89458204
-0.71128070
-1.99674214
0.47461559
0
0
-0.70199554
-0.44472437
-0.55625758
-0.52342388
-1.78634397
0.37858567
0
0
-0.70199554
-0.44472437
-0.55625758
-0.58948158
1.78459891
0.23048987
0
0
-0.71708409
0.37093164
-0.59008485
-0.54034980
-1.78819881
0.34141075
0
0
-0.70199554
-0.44472437
-0.55625758
-0.58948158
1.78459891
0.23048987
0
0
-0.71708409
0.37093164
-0.59008485
0.83031693
1.78219360
-0.46080505
0
0
-4.9869654e-2
0.30819207
-0.95001614
-0.60640749
1.78274407
0.19331496
0
0
-0.60914613
0.19277316
-0.76927206
0.84724284
1.78404844
-0.42363013
0
0
2.6019635e-2
0.37064692
-0.92840931
0.91330054
-1.78689445
-0.27553434
0
0
4.1108187e-2
-0.44500909
-0.89458204
0.83031693
1.78219360
-0.46080505
0
0
-4.9869654e-2
0.30819207
-0.95001614
0.84724284
1.78404844
-0.42363013
0
0
2.6019635e-2
0.37064692
-0.92840931
-0.58948158
1.78459891
0.23048987
0
0
-0.71708409
0.37093164
-0.59008485
1.03509966
1.99444660
-0.51966005
0
0
2.6019635e-2
0.37064692
-0.92840931
0.78930221
-1.65345167
-0.22573543
0
0
-0.77511647
0.55076688
-0.30959698
0.77237630
-1.65530651
-0.26291035
0
0
-0.75162548
0.45173460
-0.48061938
-0.40436086
-1.65299432
0.31772223
0
0
0.27579089
0.55036423
-0.78806002
-0.40436086
-1.65299432
0.31772223
0
0
0.27579089
0.55036423
-0.78806002
0.75874102
-1.3764403e-3
-0.29425106
0
0
-0.75377804
-0.60274490
-0.26175801
0.78930221
-1.65345167
-0.22573543
0
0
-0.77511647
0.55076688
-0.30959698
-0.40436086
-1.65299432
0.31772223
0
0
0.27579089
0.55036423
-0.78806002
0.77237630
-1.65530651
-0.26291035
0
0
-0.75162548
0.45173460
-0.48061938
-0.42128678
-1.65484916
0.28054731
0
0
2.6019635e-2
0.37064692
-0.92840931
-0.40436086
-1.65299432
0.31772223
0
0
0.27579089
0.55036423
-0.78806002
-0.45184797
-2.7739346e-3
0.21203168
0
0
0.47972058
-2.7496758e-2
-0.87699036
-0.43492206
-9.1909239e-4
0.24920660
0
0
0.29712933
-0.60314755
-0.74022104
-0.46548325
1.65115614
0.18069097
0
0
0.29712933
-0.60314755
-0.74022104
0.72817982
1.65069879
-0.36276669
0
0
-0.75377804
-0.60274490
-0.26175801
-0.43748867
0.13782681
0.24345246
0
0
0.27579089
0.55036423
-0.78806002
-0.46548325
1.65115614
0.18069097
0
0
0.29712933
-0.60314755
-0.74022104
-0.48240917
1.64930129
0.14351605
0
0
0.14924119
-0.51774744
-0.84241596
0.72817982
1.65069879
-0.36276669
0
0
-0.75377804
-0.60274490
-0.26175801
0.72817982
1.65069879
-0.36276669
0
0
-0.75377804
-0.60274490
-0.26175801
-0.48240917
1.64930129
0.14351605
0
0
0.14924119
-0.51774744
-0.84241596
0.71125391
1.64884395
-0.39994161
0
0
-0.70199554
-0.44472437
-0.55625758
0.72817982
1.65069879
-0.36276669
0
0
-0.75377804
-0.60274490
-0.26175801
0.73924849
0.13551462
-0.33718011
0
0
-0.99915297
-1.9975052e-2
-3.5976899e-2
0.75617440
0.13736946
-0.30000520
0
0
-0.77511647
0.55076688
-0.30959698
0.75874102
-1.3764403e-3
-0.29425106
0
0
-0.75377804
-0.60274490
-0.26175801
0.73924849
0.13551462
-0.33718011
0
0
0.27579089
0.55036423
-0.78806002
0.75617440
0.13736946
-0.30000520
0
0
-0.77511647
0.55076688
-0.30959698
0.75874102
-1.3764403e-3
-0.29425106
0
0
-0.75377804
-0.60274490
-0.26175801
0.77237630
-1.65530651
-0.26291035
0
0
-0.75162548
0.45173460
-0.48061938
0.78930221
-1.65345167
-0.22573543
0
0
-0.77511647
0.55076688
-0.30959698
0.75874102
-1.3764403e-3
-0.29425106
0
0
-0.75377804
-0.60274490
-0.26175801
0.73924849
0.13551462
-0.33718011
0
0
-0.99915297
-1.9975052e-2
-3.5976899e-2
0.74181510
-3.2312825e-3
-0.33142598
0
0
-0.84926597
-3.7550860e-2
-0.52662819
-0.43492206
-9.1909239e-4
0.24920660
0
0
0.29712933
-0.60314755
-0.74022104
0.75874102
-1.3764403e-3
-0.29425106
0
0
-0.75377804
-0.60274490
-0.26175801
-0.40436086
-1.65299432
0.31772223
0
0
0.27579089
0.55036423
-0.78806002
-0.43492206
-9.1909239e-4
0.24920660
0
0
0.29712933
-0.60314755
-0.74022104
-0.45184797
-2.7739346e-3
0.21203168
0
0
-0.75377804
-0.60274490
-0.26175801
0.75874102
-1.3764403e-3
-0.29425106
0
0
-0.75377804
-0.60274490
-0.26175801
-0.43492206
-9.1909239e-4
0.24920660
0
0
0.29712933
-0.60314755
-0.74022104
-0.45184797
-2.7739346e-3
0.21203168
0
0
0.47972058
-2.7496758e-2
-0.87699036
-0.43748867
0.13782681
0.24345246
0
0
0.27579089
0.55036423
-0.78806002
0.75617440
0.13736946
-0.30000520
0
0
-0.77511647
0.55076688
-0.30959698
-0.43748867
0.13782681
0.24345246
0
0
0.27579089
0.55036423
-0.78806002
0.72817982
1.65069879
-0.36276669
0
0
-0.75377804
-0.60274490
-0.26175801
0.75617440
0.13736946
-0.30000520
0
0
-0.77511647
0.55076688
-0.30959698
0.73924849
0.13551462
-0.33718011
0
0
0.27579089
0.55036423
-0.78806002
-0.43748867
0.13782681
0.24345246
0
0
0.27579089
0.55036423
-0.78806002
0.75617440
0.13736946
-0.30000520
0
0
-0.77511647
0.55076688
-0.30959698
0.73924849
0.13551462
-0.33718011
0
0
-0.99915297
-1.9975052e-2
-3.5976899e-2
0.75874102
-1.3764403e-3
-0.29425106
0
0
-0.75377804
-0.60274490
-0.26175801
-0.43748867
0.13782681
0.24345246
0
0
0.27579089
0.55036423
-0.78806002
-0.45184797
-2.7739346e-3
0.21203168
0
0
-0.75377804
-0.60274490
-0.26175801
-0.43492206
-9.1909239e-4
0.24920660
0
0
0.29712933
-0.60314755
-0.74022104
-0.43748867
0.13782681
0.24345246
0
0
0.27579089
0.55036423
-0.78806002
-0.48240917
1.64930129
0.14351605
0
0
0.14924119
-0.51774744
-0.84241596
-0.46548325
1.65115614
0.18069097
0
0
0.29712933
-0.60314755
-0.74022104
-0.43748867
0.13782681
0.24345246
0
0
0.27579089
0.55036423
-0.78806002
-0.45184797
-2.7739346e-3
0.21203168
0
0
0.47972058
-2.7496758e-2
-0.87699036
-0.45441459
0.13597197
0.20627755
0
0
0.35084055
-3.2323049e-2
-0.93587720
0.73924849
0.13551462
-0.33718011
0
0
0.27579089
0.55036423
-0.78806002
0.75874102
-1.3764403e-3
-0.29425106
0
0
-0.75377804
-0.60274490
-0.26175801
0.74181510
-3.2312825e-3
-0.33142598
0
0
0.29712933
-0.60314755
-0.74022104
0.74181510
-3.2312825e-3
-0.33142598
0
0
0.29712933
-0.60314755
-0.74022104
0.75874102
-1.3764403e-3
-0.29425106
0
0
-0.75377804
-0.60274490
-0.26175801
-0.45184797
-2.7739346e-3
0.21203168
0
0
-0.75377804
-0.60274490
-0.26175801
0.74181510
-3.2312825e-3
-0.33142598
0
0
0.29712933
-0.60314755
-0.74022104
-0.45184797
-2.7739346e-3
0.21203168
0
0
-0.75377804
-0.60274490
-0.26175801
0.73924849
0.13551462
-0.33718011
0
0
0.27579089
0.55036423
-0.78806002
-0.45184797
-2.7739346e-3
0.21203168
0
0
-0.75377804
-0.60274490
-0.26175801
-0.43748867
0.13782681
0.24345246
0
0
0.27579089
0.55036423
-0.78806002
-0.45441459
0.13597197
0.20627755
0
0
-0.77511647
0.55076688
-0.30959698
-0.45441459
0.13597197
0.20627755
0
0
-0.77511647
0.55076688
-0.30959698
-0.43748867
0.13782681
0.24345246
0
0
0.27579089
0.55036423
-0.78806002
0.73924849
0.13551462
-0.33718011
0
0
0.27579089
0.55036423
-0.78806002
-0.45441459
0.13597197
0.20627755
0
0
-0.77511647
0.55076688
-0.30959698
0.73924849
0.13551462
-0.33718011
0
0
0.27579089
0.55036423
-0.78806002
-0.45184797
-2.7739346e-3
0.21203168
0
0
-0.75377804
-0.60274490
-0.26175801
0.89637463
-1.78874929
-0.31270925
0
0
-9.4449914e-2
-0.34233845
-0.93481742
-0.54034980
-1.78819881
0.34141075
0
0
-0.70199554
-0.44472437
-0.55625758
0.77237630
-1.65530651
-0.26291035
0
0
-0.75162548
0.45173460
-0.48061938
0.89637463
-1.78874929
-0.31270925
0
0
-9.4449914e-2
-0.34233845
-0.93481742
0.83031693
1.78219360
-0.46080505
0
0
-4.9869654e-2
0.30819207
-0.95001614
0.91330054
-1.78689445
-0.27553434
0
0
4.1108187e-2
-0.44500909
-0.89458204
0.89637463
-1.78874929
-0.31270925
0
0
-9.4449914e-2
-0.34233845
-0.93481742
0.74181510
-3.2312825e-3
-0.33142598
0
0
-0.84926597
-3.7550860e-2
-0.52662819
0.83031693
1.78219360
-0.46080505
0
0
-4.9869654e-2
0.30819207
-0.95001614
-0.54034980
-1.78819881
0.34141075
0
0
-0.70199554
-0.44472437
-0.55625758
0.91330054
-1.78689445
-0.27553434
0
0
4.1108187e-2
-0.44500909
-0.89458204
-0.52342388
-1.78634397
0.37858567
0
0
-0.70199554
-0.44472437
-0.55625758
-0.54034980
-1.78819881
0.34141075
0
0
-0.70199554
-0.44472437
-0.55625758
-0.45184797
-2.7739346e-3
0.21203168
0
0
0.47972058
-2.7496758e-2
-0.87699036
-0.42128678
-1.65484916
0.28054731
0
0
2.6019635e-2
0.37064692
-0.92840931
-0.60640749
1.78274407
0.19331496
0
0
-0.60914613
0.19277316
-0.76927206
-0.54034980
-1.78819881
0.34141075
0
0
-0.70199554
-0.44472437
-0.55625758
-0.58948158
1.78459891
0.23048987
0
0
-0.71708409
0.37093164
-0.59008485
-0.60640749
1.78274407
0.19331496
0
0
-0.60914613
0.19277316
-0.76927206
0.83031693
1.78219360
-0.46080505
0
0
-4.9869654e-2
0.30819207
-0.95001614
-0.48240917
1.64930129
0.14351605
0
0
0.14924119
-0.51774744
-0.84241596
-0.60640749
1.78274407
0.19331496
0
0
-0.60914613
0.19277316
-0.76927206
-0.45184797
-2.7739346e-3
0.21203168
0
0
0.47972058
-2.7496758e-2
-0.87699036
-0.54034980
-1.78819881
0.34141075
0
0
-0.70199554
-0.44472437
-0.55625758
0.83031693
1.78219360
-0.46080505
0
0
-4.9869654e-2
0.30819207
-0.95001614
-0.58948158
1.78459891
0.23048987
0
0
-0.71708409
0.37093164
-0.59008485
0.84724284
1.78404844
-0.42363013
0
0
2.6019635e-2
0.37064692
-0.92840931
0.83031693
1.78219360
-0.46080505
0
0
-4.9869654e-2
0.30819207
-0.95001614
0.73924849
0.13551462
-0.33718011
0
0
-0.99915297
-1.9975052e-2
-3.5976899e-2
0.71125391
1.64884395
-0.39994161
0
0
-0.70199554
-0.44472437
-0.55625758
0.77237630
-1.65530651
-0.26291035
0
0
-0.75162548
0.45173460
-0.48061938
0.74181510
-3.2312825e-3
-0.33142598
0
0
-0.84926597
-3.7550860e-2
-0.52662819
0.89637463
-1.78874929
-0.31270925
0
0
-9.4449914e-2
-0.34233845
-0.93481742
-0.42128678
-1.65484916
0.28054731
0
0
2.6019635e-2
0.37064692
-0.92840931
0.77237630
-1.65530651
-0.26291035
0
0
-0.75162548
0.45173460
-0.48061938
-0.54034980
-1.78819881
0.34141075
0
0
-0.70199554
-0.44472437
-0.55625758
-0.42128678
-1.65484916
0.28054731
0
0
2.6019635e-2
0.37064692
-0.92840931
-0.45184797
-2.7739346e-3
0.21203168
0
0
0.47972058
-2.7496758e-2
-0.87699036
-0.40436086
-1.65299432
0.31772223
0
0
0.27579089
0.55036423
-0.78806002
-0.48240917
1.64930129
0.14351605
0
0
0.14924119
-0.51774744
-0.84241596
-0.45441459
0.13597197
0.20627755
0
0
0.35084055
-3.2323049e-2
-0.93587720
-0.60640749
1.78274407
0.19331496
0
0
-0.60914613
0.19277316
-0.76927206
0.71125391
1.64884395
-0.39994161
0
0
-0.70199554
-0.44472437
-0.55625758
-0.48240917
1.64930129
0.14351605
0
0
0.14924119
-0.51774744
-0.84241596
0.83031693
1.78219360
-0.46080505
0
0
-4.9869654e-2
0.30819207
-0.95001614
0.71125391
1.64884395
-0.39994161
0
0
-0.70199554
-0.44472437
-0.55625758
0.73924849
0.13551462
-0.33718011
0
0
-0.99915297
-1.9975052e-2
-3.5976899e-2
0.72817982
1.65069879
-0.36276669
0
0
-0.75377804
-0.60274490
-0.26175801
0.74181510
-3.2312825e-3
-0.33142598
0
0
-0.84926597
-3.7550860e-2
-0.52662819
0.77237630
-1.65530651
-0.26291035
0
0
-0.75162548
0.45173460
-0.48061938
0.75874102
-1.3764403e-3
-0.29425106
0
0
-0.75377804
-0.60274490
-0.26175801
0.73924849
0.13551462
-0.33718011
0
0
-0.99915297
-1.9975052e-2
-3.5976899e-2
0.83031693
1.78219360
-0.46080505
0
0
-4.9869654e-2
0.30819207
-0.95001614
0.74181510
-3.2312825e-3
-0.33142598
0
0
-0.84926597
-3.7550860e-2
-0.52662819
-0.45441459
0.13597197
0.20627755
0
0
0.35084055
-3.2323049e-2
-0.93587720
-0.48240917
1.64930129
0.14351605
0
0
0.14924119
-0.51774744
-0.84241596
-0.43748867
0.13782681
0.24345246
0
0
0.27579089
0.55036423
-0.78806002
-0.45184797
-2.7739346e-3
0.21203168
0
0
0.47972058
-2.7496758e-2
-0.87699036
-0.60640749
1.78274407
0.19331496
0
0
-0.60914613
0.19277316
-0.76927206
-0.45441459
0.13597197
0.20627755
0
0
0.35084055
-3.2323049e-2
-0.93587720
-0.20767697
-1.60461339
0.67781828
0
0
-2.6019635e-2
-0.37064692
0.92840931
1.27907729
-1.97879536
1.9561791e-2
0
0
0.71708409
-0.37093164
0.59008485
0.93178385
-1.60504998
0.15903813
0
0
0.88886753
-0.30298065
0.34368188
-0.20767697
-1.60461339
0.67781828
0
0
-2.6019635e-2
-0.37064692
0.92840931
-0.18302289
-6.7270442e-2
0.73067533
0
0
-3.6767423e-2
4.0729836e-2
0.99849348
-0.26769880
1.64004282
0.54325439
0
0
-0.51338721
0.29151322
0.80712677
0.93178385
-1.60504998
0.15903813
0
0
0.88886753
-0.30298065
0.34368188
1.27907729
-1.97879536
1.9561791e-2
0
0
0.71708409
-0.37093164
0.59008485
0.87176202
1.63960624
2.4474239e-2
0
0
0.80762138
0.40450886
0.42909241
0.93178385
-1.60504998
0.15903813
0
0
0.88886753
-0.30298065
0.34368188
0.98476932
-1.59924351
0.27541177
0
0
0.59165658
-0.63585458
0.49561218
-0.20767697
-1.60461339
0.67781828
0
0
-2.6019635e-2
-0.37064692
0.92840931
0.93178385
-1.60504998
0.15903813
0
0
0.88886753
-0.30298065
0.34368188
0.95642986
-6.7270442e-2
0.21187707
0
0
0.93625286
3.1829904e-2
0.34988205
0.98476932
-1.59924351
0.27541177
0
0
0.59165658
-0.63585458
0.49561218
0.87176202
1.63960624
2.4474239e-2
0
0
0.80762138
0.40450886
0.42909241
-0.61499225
2.01378821
0.68273073
0
0
-4.1108187e-2
0.44500909
0.89458204
-0.26769880
1.64004282
0.54325439
0
0
-0.51338721
0.29151322
0.80712677
0.87176202
1.63960624
2.4474239e-2
0
0
0.80762138
0.40450886
0.42909241
0.95642986
-6.7270442e-2
0.21187707
0
0
0.93625286
3.1829904e-2
0.34988205
0.93178385
-1.60504998
0.15903813
0
0
0.88886753
-0.30298065
0.34368188
-0.26769880
1.64004282
0.54325439
0
0
-0.51338721
0.29151322
0.80712677
-0.61499225
2.01378821
0.68273073
0
0
-4.1108187e-2
0.44500909
0.89458204
-0.20767697
-1.60461339
0.67781828
0
0
-2.6019635e-2
-0.37064692
0.92840931
-0.26769880
1.64004282
0.54325439
0
0
-0.51338721
0.29151322
0.80712677
-0.21471333
1.64584928
0.65962803
0
0
-3.9724570e-2
0.69633857
0.71661326
0.87176202
1.63960624
2.4474239e-2
0
0
0.80762138
0.40450886
0.42909241
-0.26769880
1.64004282
0.54325439
0
0
-0.51338721
0.29151322
0.80712677
-0.20138134
0.92514941
0.68951723
0
0
-0.16041317
3.7937715e-2
0.98632061
-0.21471333
1.64584928
0.65962803
0
0
-3.9724570e-2
0.69633857
0.71661326
-0.15469150
-1.59880693
0.79419192
0
0
-0.27579089
-0.55036423
0.78806002
-0.20767697
-1.60461339
0.67781828
0
0
-2.6019635e-2
-0.37064692
0.92840931
0.98476932
-1.59924351
0.27541177
0
0
0.59165658
-0.63585458
0.49561218
-0.15469150
-1.59880693
0.79419192
0
0
-0.27579089
-0.55036423
0.78806002
-0.18302289
-6.7270442e-2
0.73067533
0
0
-3.6767423e-2
4.0729836e-2
0.99849348
-0.20767697
-1.60461339
0.67781828
0
0
-2.6019635e-2
-0.37064692
0.92840931
0.98476932
-1.59924351
0.27541177
0
0
0.59165658
-0.63585458
0.49561218
-0.18302289
-6.7270442e-2
0.73067533
0
0
-3.6767423e-2
4.0729836e-2
0.99849348
-0.15469150
-1.59880693
0.79419192
0
0
-0.27579089
-0.55036423
0.78806002
0.92474749
1.64541270
0.14084788
0
0
0.75377804
0.60274490
0.26175801
0.87176202
1.63960624
2.4474239e-2
0
0
0.80762138
0.40450886
0.42909241
-0.21471333
1.64584928
0.65962803
0
0
-3.9724570e-2
0.69633857
0.71661326
0.92474749
1.64541270
0.14084788
0
0
0.75377804
0.60274490
0.26175801
-0.21471333
1.64584928
0.65962803
0
0
-3.9724570e-2
0.69633857
0.71661326
0.93807141
0.92514941
0.17071897
0
0
0.68050935
4.2924839e-2
0.73148102
-0.18302289
-6.7270442e-2
0.73067533
0
0
-3.6767423e-2
4.0729836e-2
0.99849348
-0.11551408
0.74400275
0.65945978
0
0
0.41394901
4.5362988e-2
0.90916908
-0.20138134
0.92514941
0.68951723
0
0
-0.16041317
3.7937715e-2
0.98632061
-0.18302289
-6.7270442e-2
0.73067533
0
0
-3.6767423e-2
4.0729836e-2
0.99849348
0.87056260
0.11387622
0.24193453
0
0
0.41394901
4.5362988e-2
0.90916908
-0.10385758
0.11387622
0.68559268
0
0
0.41394901
4.5362988e-2
0.90916908
0.95642986
-6.7270442e-2
0.21187707
0
0
0.93625286
3.1829904e-2
0.34988205
0.87176202
1.63960624
2.4474239e-2
0
0
0.80762138
0.40450886
0.42909241
0.93807141
0.92514941
0.17071897
0
0
0.68050935
4.2924839e-2
0.73148102
0.95642986
-6.7270442e-2
0.21187707
0
0
0.93625286
3.1829904e-2
0.34988205
-0.18302289
-6.7270442e-2
0.73067533
0
0
-3.6767423e-2
4.0729836e-2
0.99849348
0.98476932
-1.59924351
0.27541177
0
0
0.59165658
-0.63585458
0.49561218
0.95642986
-6.7270442e-2
0.21187707
0
0
0.93625286
3.1829904e-2
0.34988205
0.93807141
0.92514941
0.17071897
0
0
0.68050935
4.2924839e-2
0.73148102
0.87056260
0.11387622
0.24193453
0
0
0.41394901
4.5362988e-2
0.90916908
-0.20138134
0.92514941
0.68951723
0
0
-0.16041317
3.7937715e-2
0.98632061
-0.26769880
1.64004282
0.54325439
0
0
-0.51338721
0.29151322
0.80712677
-0.18302289
-6.7270442e-2
0.73067533
0
0
-3.6767423e-2
4.0729836e-2
0.99849348
-0.20138134
0.92514941
0.68951723
0
0
-0.16041317
3.7937715e-2
0.98632061
0.93807141
0.92514941
0.17071897
0
0
0.68050935
4.2924839e-2
0.73148102
-0.21471333
1.64584928
0.65962803
0
0
-3.9724570e-2
0.69633857
0.71661326
-0.20138134
0.92514941
0.68951723
0
0
-0.16041317
3.7937715e-2
0.98632061
-0.11551408
0.74400275
0.65945978
0
0
0.41394901
4.5362988e-2
0.90916908
0.93807141
0.92514941
0.17071897
0
0
0.68050935
4.2924839e-2
0.73148102
0.93807141
0.92514941
0.17071897
0
0
0.68050935
4.2924839e-2
0.73148102
0.87176202
1.63960624
2.4474239e-2
0
0
0.80762138
0.40450886
0.42909241
0.92474749
1.64541270
0.14084788
0
0
0.75377804
0.60274490
0.26175801
0.93807141
0.92514941
0.17071897
0
0
0.68050935
4.2924839e-2
0.73148102
-0.11551408
0.74400275
0.65945978
0
0
0.41394901
4.5362988e-2
0.90916908
0.85890610
0.74400275
0.21580163
0
0
0.41394901
4.5362988e-2
0.90916908
-0.10385758
0.11387622
0.68559268
0
0
0.41394901
4.5362988e-2
0.90916908
-0.11551408
0.74400275
0.65945978
0
0
0.41394901
4.5362988e-2
0.90916908
-0.18302289
-6.7270442e-2
0.73067533
0
0
-3.6767423e-2
4.0729836e-2
0.99849348
-0.10385758
0.11387622
0.68559268
0
0
0.41394901
4.5362988e-2
0.90916908
0.87056260
0.11387622
0.24193453
0
0
0.41394901
4.5362988e-2
0.90916908
-0.11551408
0.74400275
0.65945978
0
0
0.41394901
4.5362988e-2
0.90916908
0.87056260
0.11387622
0.24193453
0
0
0.41394901
4.5362988e-2
0.90916908
-0.18302289
-6.7270442e-2
0.73067533
0
0
-3.6767423e-2
4.0729836e-2
0.99849348
0.95642986
-6.7270442e-2
0.21187707
0
0
0.93625286
3.1829904e-2
0.34988205
0.85890610
0.74400275
0.21580163
0
0
0.41394901
4.5362988e-2
0.90916908
-0.11551408
0.74400275
0.65945978
0
0
0.41394901
4.5362988e-2
0.90916908
0.87056260
0.11387622
0.24193453
0
0
0.41394901
4.5362988e-2
0.90916908
0.85890610
0.74400275
0.21580163
0
0
0.41394901
4.5362988e-2
0.90916908
0.87056260
0.11387622
0.24193453
0
0
0.41394901
4.5362988e-2
0.90916908
0.93807141
0.92514941
0.17071897
0
0
0.68050935
4.2924839e-2
0.73148102
