5280
-0.270548
-0.224969
-0.000000
0
0
-0.9602
0.0933
0.2632
-0.254792
-0.239362
0.066973
0
0
-0.9602
0.0933
0.2632
-0.220772
-0.071733
0.127244
0
0
-0.9602
0.0933
0.2632
-0.270548
-0.224969
-0.000000
0
0
-0.9602
0.0933
0.2632
-0.220772
-0.071733
0.127244
0
0
-0.9602
0.0933
0.2632
-0.258038
-0.083841
-0.000000
0
0
-0.9602
0.0933
0.2632
-0.270548
-0.224969
-0.000000
0
0
-0.9602
0.0933
-0.2632
-0.258038
-0.083841
-0.000000
0
0
-0.9602
0.0933
-0.2632
-0.220772
-0.071733
-0.127244
0
0
-0.9602
0.0933
-0.2632
-0.270548
-0.224969
-0.000000
0
0
-0.9602
0.0933
-0.2632
-0.220772
-0.071733
-0.127244
0
0
-0.9602
0.0933
-0.2632
-0.254792
-0.239362
-0.066973
0
0
-0.9602
0.0933
-0.2632
-0.270548
-0.224969
-0.000000
0
0
-0.9467
0.1870
-0.2621
-0.254792
-0.239362
-0.066973
0
0
-0.9467
0.1870
-0.2621
-0.280438
-0.326719
-0.036882
0
0
-0.9467
0.1870
-0.2621
-0.270548
-0.224969
-0.000000
0
0
-0.9467
0.1870
-0.2621
-0.280438
-0.326719
-0.036882
0
0
-0.9467
0.1870
-0.2621
-0.294990
-0.348998
-0.000000
0
0
-0.9467
0.1870
-0.2621
-0.270548
-0.224969
-0.000000
0
0
-0.9467
0.1870
0.2621
-0.294990
-0.348998
-0.000000
0
0
-0.9467
0.1870
0.2621
-0.280438
-0.326719
0.036882
0
0
-0.9467
0.1870
0.2621
-0.270548
-0.224969
-0.000000
0
0
-0.9467
0.1870
0.2621
-0.280438
-0.326719
0.036882
0
0
-0.9467
0.1870
0.2621
-0.254792
-0.239362
0.066973
0
0
-0.9467
0.1870
0.2621
-0.351112
0.022980
0.000000
0
0
-0.7220
-0.6399
-0.2632
-0.346825
0.043886
-0.066973
0
0
-0.7220
-0.6399
-0.2632
-0.220772
-0.071733
-0.127244
0
0
-0.7220
-0.6399
-0.2632
-0.351112
0.022980
0.000000
0
0
-0.7220
-0.6399
-0.2632
-0.220772
-0.071733
-0.127244
0
0
-0.7220
-0.6399
-0.2632
-0.258038
-0.083841
-0.000000
0
0
-0.7220
-0.6399
-0.2632
-0.351112
0.022980
0.000000
0
0
-0.7220
-0.6399
0.2632
-0.258038
-0.083841
-0.000000
0
0
-0.7220
-0.6399
0.2632
-0.220772
-0.071733
0.127244
0
0
-0.7220
-0.6399
0.2632
-0.351112
0.022980
0.000000
0
0
-0.7220
-0.6399
0.2632
-0.220772
-0.071733
0.127244
0
0
-0.7220
-0.6399
0.2632
-0.346825
0.043886
0.066973
0
0
-0.7220
-0.6399
0.2632
-0.351112
0.022980
0.000000
0
0
-0.6560
-0.7078
0.2621
-0.346825
0.043886
0.066973
0
0
-0.6560
-0.7078
0.2621
-0.418920
0.099484
0.036882
0
0
-0.6560
-0.7078
0.2621
-0.351112
0.022980
0.000000
0
0
-0.6560
-0.7078
0.2621
-0.418920
0.099484
0.036882
0
0
-0.6560
-0.7078
0.2621
-0.443788
0.108955
0.000000
0
0
-0.6560
-0.7078
0.2621
-0.351112
0.022980
0.000000
0
0
-0.6560
-0.7078
-0.2621
-0.443788
0.108955
0.000000
0
0
-0.6560
-0.7078
-0.2621
-0.418920
0.099484
-0.036882
0
0
-0.6560
-0.7078
-0.2621
-0.351112
0.022980
0.000000
0
0
-0.6560
-0.7078
-0.2621
-0.418920
0.099484
-0.036882
0
0
-0.6560
-0.7078
-0.2621
-0.346825
0.043886
-0.066973
0
0
-0.6560
-0.7078
-0.2621
-0.000000
0.340186
0.096521
0
0
-0.2491
0.4008
0.8817
-0.065437
0.343411
0.066973
0
0
-0.2491
0.4008
0.8817
-0.136445
0.187800
0.127244
0
0
-0.2491
0.4008
0.8817
-0.000000
0.340186
0.096521
0
0
-0.2491
0.4008
0.8817
-0.136445
0.187800
0.127244
0
0
-0.2491
0.4008
0.8817
-0.000000
0.175096
0.161976
0
0
-0.2491
0.4008
0.8817
-0.000000
0.340186
0.096521
0
0
0.2491
0.4008
0.8817
-0.000000
0.175096
0.161976
0
0
0.2491
0.4008
0.8817
0.136444
0.187800
0.127244
0
0
0.2491
0.4008
0.8817
-0.000000
0.340186
0.096521
0
0
0.2491
0.4008
0.8817
0.136444
0.187800
0.127244
0
0
0.2491
0.4008
0.8817
0.065437
0.343411
0.066973
0
0
0.2491
0.4008
0.8817
-0.000000
0.340186
0.096521
0
0
0.4203
0.3859
0.8212
0.065437
0.343411
0.066973
0
0
0.4203
0.3859
0.8212
0.034838
0.429159
0.036882
0
0
0.4203
0.3859
0.8212
-0.000000
0.340186
0.096521
0
0
0.4203
0.3859
0.8212
0.034838
0.429159
0.036882
0
0
0.4203
0.3859
0.8212
0.000000
0.455736
0.047683
0
0
0.4203
0.3859
0.8212
-0.000000
0.340186
0.096521
0
0
-0.4203
0.3859
0.8212
0.000000
0.455736
0.047683
0
0
-0.4203
0.3859
0.8212
-0.034838
0.429159
0.036882
0
0
-0.4203
0.3859
0.8212
-0.000000
0.340186
0.096521
0
0
-0.4203
0.3859
0.8212
-0.034838
0.429159
0.036882
0
0
-0.4203
0.3859
0.8212
-0.065437
0.343411
0.066973
0
0
-0.4203
0.3859
0.8212
-0.000000
-0.000000
0.183774
0
0
-0.2250
-0.0731
0.9716
-0.166527
0.054108
0.161976
0
0
-0.2250
-0.0731
0.9716
-0.220772
-0.071733
0.127244
0
0
-0.2250
-0.0731
0.9716
-0.000000
-0.000000
0.183774
0
0
-0.2250
-0.0731
0.9716
-0.220772
-0.071733
0.127244
0
0
-0.2250
-0.0731
0.9716
-0.102919
-0.141656
0.161976
0
0
-0.2250
-0.0731
0.9716
-0.000000
-0.000000
0.183774
0
0
-0.0000
-0.2366
0.9716
-0.102919
-0.141656
0.161976
0
0
-0.0000
-0.2366
0.9716
-0.000000
-0.232133
0.127243
0
0
-0.0000
-0.2366
0.9716
-0.000000
-0.000000
0.183774
0
0
-0.0000
-0.2366
0.9716
-0.000000
-0.232133
0.127243
0
0
-0.0000
-0.2366
0.9716
0.102919
-0.141656
0.161976
0
0
-0.0000
-0.2366
0.9716
-0.000000
-0.000000
0.183774
0
0
0.2250
-0.0731
0.9716
0.102919
-0.141656
0.161976
0
0
0.2250
-0.0731
0.9716
0.220772
-0.071733
0.127244
0
0
0.2250
-0.0731
0.9716
-0.000000
-0.000000
0.183774
0
0
0.2250
-0.0731
0.9716
0.220772
-0.071733
0.127244
0
0
0.2250
-0.0731
0.9716
0.166526
0.054108
0.161976
0
0
0.2250
-0.0731
0.9716
-0.000000
-0.000000
0.183774
0
0
0.1391
0.1914
0.9716
0.166526
0.054108
0.161976
0
0
0.1391
0.1914
0.9716
0.136444
0.187800
0.127244
0
0
0.1391
0.1914
0.9716
-0.000000
-0.000000
0.183774
0
0
0.1391
0.1914
0.9716
0.136444
0.187800
0.127244
0
0
0.1391
0.1914
0.9716
-0.000000
0.175096
0.161976
0
0
0.1391
0.1914
0.9716
-0.000000
-0.000000
0.183774
0
0
-0.1391
0.1914
0.9716
-0.000000
0.175096
0.161976
0
0
-0.1391
0.1914
0.9716
-0.136445
0.187800
0.127244
0
0
-0.1391
0.1914
0.9716
-0.000000
-0.000000
0.183774
0
0
-0.1391
0.1914
0.9716
-0.136445
0.187800
0.127244
0
0
-0.1391
0.1914
0.9716
-0.166527
0.054108
0.161976
0
0
-0.1391
0.1914
0.9716
0.351111
0.022980
0.000000
0
0
0.7220
-0.6399
0.2632
0.346824
0.043885
0.066973
0
0
0.7220
-0.6399
0.2632
0.220772
-0.071733
0.127244
0
0
0.7220
-0.6399
0.2632
0.351111
0.022980
0.000000
0
0
0.7220
-0.6399
0.2632
0.220772
-0.071733
0.127244
0
0
0.7220
-0.6399
0.2632
0.258037
-0.083842
-0.000000
0
0
0.7220
-0.6399
0.2632
0.351111
0.022980
0.000000
0
0
0.7220
-0.6399
-0.2632
0.258037
-0.083842
-0.000000
0
0
0.7220
-0.6399
-0.2632
0.220772
-0.071733
-0.127244
0
0
0.7220
-0.6399
-0.2632
0.351111
0.022980
0.000000
0
0
0.7220
-0.6399
-0.2632
0.220772
-0.071733
-0.127244
0
0
0.7220
-0.6399
-0.2632
0.346824
0.043885
-0.066973
0
0
0.7220
-0.6399
-0.2632
0.351111
0.022980
0.000000
0
0
0.6560
-0.7078
-0.2621
0.346824
0.043885
-0.066973
0
0
0.6560
-0.7078
-0.2621
0.418920
0.099484
-0.036882
0
0
0.6560
-0.7078
-0.2621
0.351111
0.022980
0.000000
0
0
0.6560
-0.7078
-0.2621
0.418920
0.099484
-0.036882
0
0
0.6560
-0.7078
-0.2621
0.443788
0.108955
0.000000
0
0
0.6560
-0.7078
-0.2621
0.351111
0.022980
0.000000
0
0
0.6560
-0.7078
0.2621
0.443788
0.108955
0.000000
0
0
0.6560
-0.7078
0.2621
0.418920
0.099484
0.036882
0
0
0.6560
-0.7078
0.2621
0.351111
0.022980
0.000000
0
0
0.6560
-0.7078
0.2621
0.418920
0.099484
0.036882
0
0
0.6560
-0.7078
0.2621
0.346824
0.043885
0.066973
0
0
0.6560
-0.7078
0.2621
0.199956
-0.275216
0.096521
0
0
0.4371
-0.1778
0.8817
0.254791
-0.239363
0.066973
0
0
0.4371
-0.1778
0.8817
0.220772
-0.071733
0.127244
0
0
0.4371
-0.1778
0.8817
0.199956
-0.275216
0.096521
0
0
0.4371
-0.1778
0.8817
0.220772
-0.071733
0.127244
0
0
0.4371
-0.1778
0.8817
0.102919
-0.141656
0.161976
0
0
0.4371
-0.1778
0.8817
0.199956
-0.275216
0.096521
0
0
0.0341
-0.4707
0.8817
0.102919
-0.141656
0.161976
0
0
0.0341
-0.4707
0.8817
-0.000000
-0.232133
0.127243
0
0
0.0341
-0.4707
0.8817
0.199956
-0.275216
0.096521
0
0
0.0341
-0.4707
0.8817
-0.000000
-0.232133
0.127243
0
0
0.0341
-0.4707
0.8817
0.148912
-0.316288
0.066973
0
0
0.0341
-0.4707
0.8817
0.199956
-0.275216
0.096521
0
0
-0.1132
-0.5593
0.8212
0.148912
-0.316288
0.066973
0
0
-0.1132
-0.5593
0.8212
0.224068
-0.367674
0.036882
0
0
-0.1132
-0.5593
0.8212
0.199956
-0.275216
0.096521
0
0
-0.1132
-0.5593
0.8212
0.224068
-0.367674
0.036882
0
0
-0.1132
-0.5593
0.8212
0.267875
-0.368699
0.047683
0
0
-0.1132
-0.5593
0.8212
0.199956
-0.275216
0.096521
0
0
0.5669
-0.0651
0.8212
0.267875
-0.368699
0.047683
0
0
0.5669
-0.0651
0.8212
0.280438
-0.326719
0.036882
0
0
0.5669
-0.0651
0.8212
0.199956
-0.275216
0.096521
0
0
0.5669
-0.0651
0.8212
0.280438
-0.326719
0.036882
0
0
0.5669
-0.0651
0.8212
0.254791
-0.239363
0.066973
0
0
0.5669
-0.0651
0.8212
-0.000000
0.000000
-0.183774
0
0
0.0000
-0.2366
-0.9716
0.102919
-0.141656
-0.161976
0
0
0.0000
-0.2366
-0.9716
-0.000000
-0.232133
-0.127244
0
0
0.0000
-0.2366
-0.9716
-0.000000
0.000000
-0.183774
0
0
0.0000
-0.2366
-0.9716
-0.000000
-0.232133
-0.127244
0
0
0.0000
-0.2366
-0.9716
-0.102919
-0.141656
-0.161976
0
0
0.0000
-0.2366
-0.9716
-0.000000
0.000000
-0.183774
0
0
-0.2250
-0.0731
-0.9716
-0.102919
-0.141656
-0.161976
0
0
-0.2250
-0.0731
-0.9716
-0.220772
-0.071733
-0.127244
0
0
-0.2250
-0.0731
-0.9716
-0.000000
0.000000
-0.183774
0
0
-0.2250
-0.0731
-0.9716
-0.220772
-0.071733
-0.127244
0
0
-0.2250
-0.0731
-0.9716
-0.166527
0.054108
-0.161976
0
0
-0.2250
-0.0731
-0.9716
-0.000000
0.000000
-0.183774
0
0
-0.1391
0.1914
-0.9716
-0.166527
0.054108
-0.161976
0
0
-0.1391
0.1914
-0.9716
-0.136445
0.187800
-0.127243
0
0
-0.1391
0.1914
-0.9716
-0.000000
0.000000
-0.183774
0
0
-0.1391
0.1914
-0.9716
-0.136445
0.187800
-0.127243
0
0
-0.1391
0.1914
-0.9716
-0.000000
0.175096
-0.161976
0
0
-0.1391
0.1914
-0.9716
-0.000000
0.000000
-0.183774
0
0
0.1391
0.1914
-0.9716
-0.000000
0.175096
-0.161976
0
0
0.1391
0.1914
-0.9716
0.136444
0.187800
-0.127243
0
0
0.1391
0.1914
-0.9716
-0.000000
0.000000
-0.183774
0
0
0.1391
0.1914
-0.9716
0.136444
0.187800
-0.127243
0
0
0.1391
0.1914
-0.9716
0.166526
0.054108
-0.161976
0
0
0.1391
0.1914
-0.9716
-0.000000
0.000000
-0.183774
0
0
0.2250
-0.0731
-0.9716
0.166526
0.054108
-0.161976
0
0
0.2250
-0.0731
-0.9716
0.220772
-0.071733
-0.127244
0
0
0.2250
-0.0731
-0.9716
-0.000000
0.000000
-0.183774
0
0
0.2250
-0.0731
-0.9716
0.220772
-0.071733
-0.127244
0
0
0.2250
-0.0731
-0.9716
0.102919
-0.141656
-0.161976
0
0
0.2250
-0.0731
-0.9716
0.000000
0.489907
0.000000
0
0
-0.6332
0.6333
-0.4450
0.000000
0.455736
-0.047683
0
0
-0.6332
0.6333
-0.4450
-0.034838
0.429159
-0.036882
0
0
-0.6332
0.6333
-0.4450
0.000000
0.489907
0.000000
0
0
-0.6332
0.6333
-0.4450
-0.034838
0.429159
-0.036882
0
0
-0.6332
0.6333
-0.4450
-0.033515
0.455736
0.000000
0
0
-0.6332
0.6333
-0.4450
0.000000
0.489907
0.000000
0
0
-0.6332
0.6333
0.4450
-0.033515
0.455736
0.000000
0
0
-0.6332
0.6333
0.4450
-0.034838
0.429159
0.036882
0
0
-0.6332
0.6333
0.4450
0.000000
0.489907
0.000000
0
0
-0.6332
0.6333
0.4450
-0.034838
0.429159
0.036882
0
0
-0.6332
0.6333
0.4450
0.000000
0.455736
0.047683
0
0
-0.6332
0.6333
0.4450
0.000000
0.489907
0.000000
0
0
0.6332
0.6333
0.4450
0.000000
0.455736
0.047683
0
0
0.6332
0.6333
0.4450
0.034838
0.429159
0.036882
0
0
0.6332
0.6333
0.4450
0.000000
0.489907
0.000000
0
0
0.6332
0.6333
0.4450
0.034838
0.429159
0.036882
0
0
0.6332
0.6333
0.4450
0.033515
0.455736
0.000000
0
0
0.6332
0.6333
0.4450
0.000000
0.489907
0.000000
0
0
0.6332
0.6333
-0.4450
0.033515
0.455736
0.000000
0
0
0.6332
0.6333
-0.4450
0.034838
0.429159
-0.036882
0
0
0.6332
0.6333
-0.4450
0.000000
0.489907
0.000000
0
0
0.6332
0.6333
-0.4450
0.034838
0.429159
-0.036882
0
0
0.6332
0.6333
-0.4450
0.000000
0.455736
-0.047683
0
0
0.6332
0.6333
-0.4450
-0.086644
0.341028
0.000000
0
0
-0.8317
0.4889
-0.2632
-0.065437
0.343411
-0.066973
0
0
-0.8317
0.4889
-0.2632
-0.136445
0.187800
-0.127243
0
0
-0.8317
0.4889
-0.2632
-0.086644
0.341028
0.000000
0
0
-0.8317
0.4889
-0.2632
-0.136445
0.187800
-0.127243
0
0
-0.8317
0.4889
-0.2632
-0.159476
0.219500
0.000000
0
0
-0.8317
0.4889
-0.2632
-0.086644
0.341028
0.000000
0
0
-0.8317
0.4889
0.2632
-0.159476
0.219500
0.000000
0
0
-0.8317
0.4889
0.2632
-0.136445
0.187800
0.127244
0
0
-0.8317
0.4889
0.2632
-0.086644
0.341028
0.000000
0
0
-0.8317
0.4889
0.2632
-0.136445
0.187800
0.127244
0
0
-0.8317
0.4889
0.2632
-0.065437
0.343411
0.066973
0
0
-0.8317
0.4889
0.2632
-0.086644
0.341028
0.000000
0
0
-0.8759
0.4052
0.2621
-0.065437
0.343411
0.066973
0
0
-0.8759
0.4052
0.2621
-0.034838
0.429159
0.036882
0
0
-0.8759
0.4052
0.2621
-0.086644
0.341028
0.000000
0
0
-0.8759
0.4052
0.2621
-0.034838
0.429159
0.036882
0
0
-0.8759
0.4052
0.2621
-0.033515
0.455736
0.000000
0
0
-0.8759
0.4052
0.2621
-0.086644
0.341028
0.000000
0
0
-0.8759
0.4052
-0.2621
-0.033515
0.455736
0.000000
0
0
-0.8759
0.4052
-0.2621
-0.034838
0.429159
-0.036882
0
0
-0.8759
0.4052
-0.2621
-0.086644
0.341028
0.000000
0
0
-0.8759
0.4052
-0.2621
-0.034838
0.429159
-0.036882
0
0
-0.8759
0.4052
-0.2621
-0.065437
0.343411
-0.066973
0
0
-0.8759
0.4052
-0.2621
0.086644
0.341028
0.000000
0
0
0.8317
0.4889
0.2632
0.065437
0.343411
0.066973
0
0
0.8317
0.4889
0.2632
0.136444
0.187800
0.127244
0
0
0.8317
0.4889
0.2632
0.086644
0.341028
0.000000
0
0
0.8317
0.4889
0.2632
0.136444
0.187800
0.127244
0
0
0.8317
0.4889
0.2632
0.159476
0.219500
0.000000
0
0
0.8317
0.4889
0.2632
0.086644
0.341028
0.000000
0
0
0.8317
0.4889
-0.2632
0.159476
0.219500
0.000000
0
0
0.8317
0.4889
-0.2632
0.136444
0.187800
-0.127243
0
0
0.8317
0.4889
-0.2632
0.086644
0.341028
0.000000
0
0
0.8317
0.4889
-0.2632
0.136444
0.187800
-0.127243
0
0
0.8317
0.4889
-0.2632
0.065437
0.343411
-0.066973
0
0
0.8317
0.4889
-0.2632
0.086644
0.341028
0.000000
0
0
0.8759
0.4052
-0.2621
0.065437
0.343411
-0.066973
0
0
0.8759
0.4052
-0.2621
0.034838
0.429159
-0.036882
0
0
0.8759
0.4052
-0.2621
0.086644
0.341028
0.000000
0
0
0.8759
0.4052
-0.2621
0.034838
0.429159
-0.036882
0
0
0.8759
0.4052
-0.2621
0.033515
0.455736
0.000000
0
0
0.8759
0.4052
-0.2621
0.086644
0.341028
0.000000
0
0
0.8759
0.4052
0.2621
0.033515
0.455736
0.000000
0
0
0.8759
0.4052
0.2621
0.034838
0.429159
0.036882
0
0
0.8759
0.4052
0.2621
0.086644
0.341028
0.000000
0
0
0.8759
0.4052
0.2621
0.034838
0.429159
0.036882
0
0
0.8759
0.4052
0.2621
0.065437
0.343411
0.066973
0
0
0.8759
0.4052
0.2621
-0.000000
0.340186
-0.096521
0
0
0.2491
0.4008
-0.8817
0.065437
0.343411
-0.066973
0
0
0.2491
0.4008
-0.8817
0.136444
0.187800
-0.127243
0
0
0.2491
0.4008
-0.8817
-0.000000
0.340186
-0.096521
0
0
0.2491
0.4008
-0.8817
0.136444
0.187800
-0.127243
0
0
0.2491
0.4008
-0.8817
-0.000000
0.175096
-0.161976
0
0
0.2491
0.4008
-0.8817
-0.000000
0.340186
-0.096521
0
0
-0.2491
0.4008
-0.8817
-0.000000
0.175096
-0.161976
0
0
-0.2491
0.4008
-0.8817
-0.136445
0.187800
-0.127243
0
0
-0.2491
0.4008
-0.8817
-0.000000
0.340186
-0.096521
0
0
-0.2491
0.4008
-0.8817
-0.136445
0.187800
-0.127243
0
0
-0.2491
0.4008
-0.8817
-0.065437
0.343411
-0.066973
0
0
-0.2491
0.4008
-0.8817
-0.000000
0.340186
-0.096521
0
0
-0.4203
0.3859
-0.8212
-0.065437
0.343411
-0.066973
0
0
-0.4203
0.3859
-0.8212
-0.034838
0.429159
-0.036882
0
0
-0.4203
0.3859
-0.8212
-0.000000
0.340186
-0.096521
0
0
-0.4203
0.3859
-0.8212
-0.034838
0.429159
-0.036882
0
0
-0.4203
0.3859
-0.8212
0.000000
0.455736
-0.047683
0
0
-0.4203
0.3859
-0.8212
-0.000000
0.340186
-0.096521
0
0
0.4203
0.3859
-0.8212
0.000000
0.455736
-0.047683
0
0
0.4203
0.3859
-0.8212
0.034838
0.429159
-0.036882
0
0
0.4203
0.3859
-0.8212
-0.000000
0.340186
-0.096521
0
0
0.4203
0.3859
-0.8212
0.034838
0.429159
-0.036882
0
0
0.4203
0.3859
-0.8212
0.065437
0.343411
-0.066973
0
0
0.4203
0.3859
-0.8212
-0.465930
0.151390
0.000000
0
0
-0.7980
-0.4065
-0.4450
-0.433431
0.140830
-0.047683
0
0
-0.7980
-0.4065
-0.4450
-0.418920
0.099484
-0.036882
0
0
-0.7980
-0.4065
-0.4450
-0.465930
0.151390
0.000000
0
0
-0.7980
-0.4065
-0.4450
-0.418920
0.099484
-0.036882
0
0
-0.7980
-0.4065
-0.4450
-0.443788
0.108955
0.000000
0
0
-0.7980
-0.4065
-0.4450
-0.465930
0.151390
0.000000
0
0
-0.7980
-0.4065
0.4450
-0.443788
0.108955
0.000000
0
0
-0.7980
-0.4065
0.4450
-0.418920
0.099484
0.036882
0
0
-0.7980
-0.4065
0.4450
-0.465930
0.151390
0.000000
0
0
-0.7980
-0.4065
0.4450
-0.418920
0.099484
0.036882
0
0
-0.7980
-0.4065
0.4450
-0.433431
0.140830
0.047683
0
0
-0.7980
-0.4065
0.4450
-0.465930
0.151390
0.000000
0
0
-0.4066
0.7979
0.4450
-0.433431
0.140830
0.047683
0
0
-0.4066
0.7979
0.4450
-0.397389
0.165751
0.036882
0
0
-0.4066
0.7979
0.4450
-0.465930
0.151390
0.000000
0
0
-0.4066
0.7979
0.4450
-0.397389
0.165751
0.036882
0
0
-0.4066
0.7979
0.4450
-0.423074
0.172705
0.000000
0
0
-0.4066
0.7979
0.4450
-0.465930
0.151390
0.000000
0
0
-0.4066
0.7979
-0.4450
-0.423074
0.172705
0.000000
0
0
-0.4066
0.7979
-0.4450
-0.397389
0.165751
-0.036882
0
0
-0.4066
0.7979
-0.4450
-0.465930
0.151390
0.000000
0
0
-0.4066
0.7979
-0.4450
-0.397389
0.165751
-0.036882
0
0
-0.4066
0.7979
-0.4450
-0.433431
0.140830
-0.047683
0
0
-0.4066
0.7979
-0.4450
-0.297563
0.187787
0.000000
0
0
-0.2080
0.9420
0.2632
-0.306382
0.168354
0.066973
0
0
-0.2080
0.9420
0.2632
-0.136445
0.187800
0.127244
0
0
-0.2080
0.9420
0.2632
-0.297563
0.187787
0.000000
0
0
-0.2080
0.9420
0.2632
-0.136445
0.187800
0.127244
0
0
-0.2080
0.9420
0.2632
-0.159476
0.219500
0.000000
0
0
-0.2080
0.9420
0.2632
-0.297563
0.187787
0.000000
0
0
-0.2080
0.9420
-0.2632
-0.159476
0.219500
0.000000
0
0
-0.2080
0.9420
-0.2632
-0.136445
0.187800
-0.127243
0
0
-0.2080
0.9420
-0.2632
-0.297563
0.187787
0.000000
0
0
-0.2080
0.9420
-0.2632
-0.136445
0.187800
-0.127243
0
0
-0.2080
0.9420
-0.2632
-0.306382
0.168354
-0.066973
0
0
-0.2080
0.9420
-0.2632
-0.297563
0.187787
0.000000
0
0
-0.1147
0.9582
-0.2621
-0.306382
0.168354
-0.066973
0
0
-0.1147
0.9582
-0.2621
-0.397389
0.165751
-0.036882
0
0
-0.1147
0.9582
-0.2621
-0.297563
0.187787
0.000000
0
0
-0.1147
0.9582
-0.2621
-0.397389
0.165751
-0.036882
0
0
-0.1147
0.9582
-0.2621
-0.423074
0.172705
0.000000
0
0
-0.1147
0.9582
-0.2621
-0.297563
0.187787
0.000000
0
0
-0.1147
0.9582
0.2621
-0.423074
0.172705
0.000000
0
0
-0.1147
0.9582
0.2621
-0.397389
0.165751
0.036882
0
0
-0.1147
0.9582
0.2621
-0.297563
0.187787
0.000000
0
0
-0.1147
0.9582
0.2621
-0.397389
0.165751
0.036882
0
0
-0.1147
0.9582
0.2621
-0.306382
0.168354
0.066973
0
0
-0.1147
0.9582
0.2621
-0.323536
0.105123
-0.096521
0
0
-0.3042
0.3608
-0.8817
-0.306382
0.168354
-0.066973
0
0
-0.3042
0.3608
-0.8817
-0.136445
0.187800
-0.127243
0
0
-0.3042
0.3608
-0.8817
-0.323536
0.105123
-0.096521
0
0
-0.3042
0.3608
-0.8817
-0.136445
0.187800
-0.127243
0
0
-0.3042
0.3608
-0.8817
-0.166527
0.054108
-0.161976
0
0
-0.3042
0.3608
-0.8817
-0.323536
0.105123
-0.096521
0
0
-0.4582
-0.1131
-0.8817
-0.166527
0.054108
-0.161976
0
0
-0.4582
-0.1131
-0.8817
-0.220772
-0.071733
-0.127244
0
0
-0.4582
-0.1131
-0.8817
-0.323536
0.105123
-0.096521
0
0
-0.4582
-0.1131
-0.8817
-0.220772
-0.071733
-0.127244
0
0
-0.4582
-0.1131
-0.8817
-0.346825
0.043886
-0.066973
0
0
-0.4582
-0.1131
-0.8817
-0.323536
0.105123
-0.096521
0
0
-0.4969
-0.2805
-0.8212
-0.346825
0.043886
-0.066973
0
0
-0.4969
-0.2805
-0.8212
-0.418920
0.099484
-0.036882
0
0
-0.4969
-0.2805
-0.8212
-0.323536
0.105123
-0.096521
0
0
-0.4969
-0.2805
-0.8212
-0.418920
0.099484
-0.036882
0
0
-0.4969
-0.2805
-0.8212
-0.433431
0.140830
-0.047683
0
0
-0.4969
-0.2805
-0.8212
-0.323536
0.105123
-0.096521
0
0
-0.2371
0.5190
-0.8212
-0.433431
0.140830
-0.047683
0
0
-0.2371
0.5190
-0.8212
-0.397389
0.165751
-0.036882
0
0
-0.2371
0.5190
-0.8212
-0.323536
0.105123
-0.096521
0
0
-0.2371
0.5190
-0.8212
-0.397389
0.165751
-0.036882
0
0
-0.2371
0.5190
-0.8212
-0.306382
0.168354
-0.066973
0
0
-0.2371
0.5190
-0.8212
-0.323536
0.105123
0.096521
0
0
-0.4582
-0.1131
0.8817
-0.346825
0.043886
0.066973
0
0
-0.4582
-0.1131
0.8817
-0.220772
-0.071733
0.127244
0
0
-0.4582
-0.1131
0.8817
-0.323536
0.105123
0.096521
0
0
-0.4582
-0.1131
0.8817
-0.220772
-0.071733
0.127244
0
0
-0.4582
-0.1131
0.8817
-0.166527
0.054108
0.161976
0
0
-0.4582
-0.1131
0.8817
-0.323536
0.105123
0.096521
0
0
-0.3042
0.3608
0.8817
-0.166527
0.054108
0.161976
0
0
-0.3042
0.3608
0.8817
-0.136445
0.187800
0.127244
0
0
-0.3042
0.3608
0.8817
-0.323536
0.105123
0.096521
0
0
-0.3042
0.3608
0.8817
-0.136445
0.187800
0.127244
0
0
-0.3042
0.3608
0.8817
-0.306382
0.168354
0.066973
0
0
-0.3042
0.3608
0.8817
-0.323536
0.105123
0.096521
0
0
-0.2371
0.5190
0.8212
-0.306382
0.168354
0.066973
0
0
-0.2371
0.5190
0.8212
-0.397389
0.165751
0.036882
0
0
-0.2371
0.5190
0.8212
-0.323536
0.105123
0.096521
0
0
-0.2371
0.5190
0.8212
-0.397389
0.165751
0.036882
0
0
-0.2371
0.5190
0.8212
-0.433431
0.140830
0.047683
0
0
-0.2371
0.5190
0.8212
-0.323536
0.105123
0.096521
0
0
-0.4969
-0.2805
0.8212
-0.433431
0.140830
0.047683
0
0
-0.4969
-0.2805
0.8212
-0.418920
0.099484
0.036882
0
0
-0.4969
-0.2805
0.8212
-0.323536
0.105123
0.096521
0
0
-0.4969
-0.2805
0.8212
-0.418920
0.099484
0.036882
0
0
-0.4969
-0.2805
0.8212
-0.346825
0.043886
0.066973
0
0
-0.4969
-0.2805
0.8212
0.465929
0.151389
0.000000
0
0
0.4066
0.7979
-0.4450
0.433431
0.140830
-0.047683
0
0
0.4066
0.7979
-0.4450
0.397388
0.165751
-0.036882
0
0
0.4066
0.7979
-0.4450
0.465929
0.151389
0.000000
0
0
0.4066
0.7979
-0.4450
0.397388
0.165751
-0.036882
0
0
0.4066
0.7979
-0.4450
0.423074
0.172705
0.000000
0
0
0.4066
0.7979
-0.4450
0.465929
0.151389
0.000000
0
0
0.4066
0.7979
0.4450
0.423074
0.172705
0.000000
0
0
0.4066
0.7979
0.4450
0.397388
0.165751
0.036882
0
0
0.4066
0.7979
0.4450
0.465929
0.151389
0.000000
0
0
0.4066
0.7979
0.4450
0.397388
0.165751
0.036882
0
0
0.4066
0.7979
0.4450
0.433431
0.140830
0.047683
0
0
0.4066
0.7979
0.4450
0.465929
0.151389
0.000000
0
0
0.7980
-0.4065
0.4450
0.433431
0.140830
0.047683
0
0
0.7980
-0.4065
0.4450
0.418920
0.099484
0.036882
0
0
0.7980
-0.4065
0.4450
0.465929
0.151389
0.000000
0
0
0.7980
-0.4065
0.4450
0.418920
0.099484
0.036882
0
0
0.7980
-0.4065
0.4450
0.443788
0.108955
0.000000
0
0
0.7980
-0.4065
0.4450
0.465929
0.151389
0.000000
0
0
0.7980
-0.4065
-0.4450
0.443788
0.108955
0.000000
0
0
0.7980
-0.4065
-0.4450
0.418920
0.099484
-0.036882
0
0
0.7980
-0.4065
-0.4450
0.465929
0.151389
0.000000
0
0
0.7980
-0.4065
-0.4450
0.418920
0.099484
-0.036882
0
0
0.7980
-0.4065
-0.4450
0.433431
0.140830
-0.047683
0
0
0.7980
-0.4065
-0.4450
0.323536
0.105123
-0.096521
0
0
0.4582
-0.1131
-0.8817
0.346824
0.043885
-0.066973
0
0
0.4582
-0.1131
-0.8817
0.220772
-0.071733
-0.127244
0
0
0.4582
-0.1131
-0.8817
0.323536
0.105123
-0.096521
0
0
0.4582
-0.1131
-0.8817
0.220772
-0.071733
-0.127244
0
0
0.4582
-0.1131
-0.8817
0.166526
0.054108
-0.161976
0
0
0.4582
-0.1131
-0.8817
0.323536
0.105123
-0.096521
0
0
0.3042
0.3608
-0.8817
0.166526
0.054108
-0.161976
0
0
0.3042
0.3608
-0.8817
0.136444
0.187800
-0.127243
0
0
0.3042
0.3608
-0.8817
0.323536
0.105123
-0.096521
0
0
0.3042
0.3608
-0.8817
0.136444
0.187800
-0.127243
0
0
0.3042
0.3608
-0.8817
0.306382
0.168354
-0.066973
0
0
0.3042
0.3608
-0.8817
0.323536
0.105123
-0.096521
0
0
0.2371
0.5190
-0.8212
0.306382
0.168354
-0.066973
0
0
0.2371
0.5190
-0.8212
0.397388
0.165751
-0.036882
0
0
0.2371
0.5190
-0.8212
0.323536
0.105123
-0.096521
0
0
0.2371
0.5190
-0.8212
0.397388
0.165751
-0.036882
0
0
0.2371
0.5190
-0.8212
0.433431
0.140830
-0.047683
0
0
0.2371
0.5190
-0.8212
0.323536
0.105123
-0.096521
0
0
0.4969
-0.2805
-0.8212
0.433431
0.140830
-0.047683
0
0
0.4969
-0.2805
-0.8212
0.418920
0.099484
-0.036882
0
0
0.4969
-0.2805
-0.8212
0.323536
0.105123
-0.096521
0
0
0.4969
-0.2805
-0.8212
0.418920
0.099484
-0.036882
0
0
0.4969
-0.2805
-0.8212
0.346824
0.043885
-0.066973
0
0
0.4969
-0.2805
-0.8212
0.323536
0.105123
0.096521
0
0
0.3042
0.3608
0.8817
0.306382
0.168354
0.066973
0
0
0.3042
0.3608
0.8817
0.136444
0.187800
0.127244
0
0
0.3042
0.3608
0.8817
0.323536
0.105123
0.096521
0
0
0.3042
0.3608
0.8817
0.136444
0.187800
0.127244
0
0
0.3042
0.3608
0.8817
0.166526
0.054108
0.161976
0
0
0.3042
0.3608
0.8817
0.323536
0.105123
0.096521
0
0
0.4582
-0.1131
0.8817
0.166526
0.054108
0.161976
0
0
0.4582
-0.1131
0.8817
0.220772
-0.071733
0.127244
0
0
0.4582
-0.1131
0.8817
0.323536
0.105123
0.096521
0
0
0.4582
-0.1131
0.8817
0.220772
-0.071733
0.127244
0
0
0.4582
-0.1131
0.8817
0.346824
0.043885
0.066973
0
0
0.4582
-0.1131
0.8817
0.323536
0.105123
0.096521
0
0
0.4969
-0.2805
0.8212
0.346824
0.043885
0.066973
0
0
0.4969
-0.2805
0.8212
0.418920
0.099484
0.036882
0
0
0.4969
-0.2805
0.8212
0.323536
0.105123
0.096521
0
0
0.4969
-0.2805
0.8212
0.418920
0.099484
0.036882
0
0
0.4969
-0.2805
0.8212
0.433431
0.140830
0.047683
0
0
0.4969
-0.2805
0.8212
0.323536
0.105123
0.096521
0
0
0.2371
0.5190
0.8212
0.433431
0.140830
0.047683
0
0
0.2371
0.5190
0.8212
0.397388
0.165751
0.036882
0
0
0.2371
0.5190
0.8212
0.323536
0.105123
0.096521
0
0
0.2371
0.5190
0.8212
0.397388
0.165751
0.036882
0
0
0.2371
0.5190
0.8212
0.306382
0.168354
0.066973
0
0
0.2371
0.5190
0.8212
0.297562
0.187787
0.000000
0
0
0.2080
0.9420
-0.2632
0.306382
0.168354
-0.066973
0
0
0.2080
0.9420
-0.2632
0.136444
0.187800
-0.127243
0
0
0.2080
0.9420
-0.2632
0.297562
0.187787
0.000000
0
0
0.2080
0.9420
-0.2632
0.136444
0.187800
-0.127243
0
0
0.2080
0.9420
-0.2632
0.159476
0.219500
0.000000
0
0
0.2080
0.9420
-0.2632
0.297562
0.187787
0.000000
0
0
0.2080
0.9420
0.2632
0.159476
0.219500
0.000000
0
0
0.2080
0.9420
0.2632
0.136444
0.187800
0.127244
0
0
0.2080
0.9420
0.2632
0.297562
0.187787
0.000000
0
0
0.2080
0.9420
0.2632
0.136444
0.187800
0.127244
0
0
0.2080
0.9420
0.2632
0.306382
0.168354
0.066973
0
0
0.2080
0.9420
0.2632
0.297562
0.187787
0.000000
0
0
0.1147
0.9582
0.2621
0.306382
0.168354
0.066973
0
0
0.1147
0.9582
0.2621
0.397388
0.165751
0.036882
0
0
0.1147
0.9582
0.2621
0.297562
0.187787
0.000000
0
0
0.1147
0.9582
0.2621
0.397388
0.165751
0.036882
0
0
0.1147
0.9582
0.2621
0.423074
0.172705
0.000000
0
0
0.1147
0.9582
0.2621
0.297562
0.187787
0.000000
0
0
0.1147
0.9582
-0.2621
0.423074
0.172705
0.000000
0
0
0.1147
0.9582
-0.2621
0.397388
0.165751
-0.036882
0
0
0.1147
0.9582
-0.2621
0.297562
0.187787
0.000000
0
0
0.1147
0.9582
-0.2621
0.397388
0.165751
-0.036882
0
0
0.1147
0.9582
-0.2621
0.306382
0.168354
-0.066973
0
0
0.1147
0.9582
-0.2621
0.287960
-0.396343
-0.000000
0
0
0.8845
-0.1402
-0.4450
0.267875
-0.368698
-0.047683
0
0
0.8845
-0.1402
-0.4450
0.280438
-0.326719
-0.036882
0
0
0.8845
-0.1402
-0.4450
0.287960
-0.396343
-0.000000
0
0
0.8845
-0.1402
-0.4450
0.280438
-0.326719
-0.036882
0
0
0.8845
-0.1402
-0.4450
0.294989
-0.348999
-0.000000
0
0
0.8845
-0.1402
-0.4450
0.287960
-0.396343
-0.000000
0
0
0.8845
-0.1402
0.4450
0.294989
-0.348999
-0.000000
0
0
0.8845
-0.1402
0.4450
0.280438
-0.326719
0.036882
0
0
0.8845
-0.1402
0.4450
0.287960
-0.396343
-0.000000
0
0
0.8845
-0.1402
0.4450
0.280438
-0.326719
0.036882
0
0
0.8845
-0.1402
0.4450
0.267875
-0.368699
0.047683
0
0
0.8845
-0.1402
0.4450
0.287960
-0.396343
-0.000000
0
0
-0.1400
-0.8845
0.4450
0.267875
-0.368699
0.047683
0
0
-0.1400
-0.8845
0.4450
0.224068
-0.367674
0.036882
0
0
-0.1400
-0.8845
0.4450
0.287960
-0.396343
-0.000000
0
0
-0.1400
-0.8845
0.4450
0.224068
-0.367674
0.036882
0
0
-0.1400
-0.8845
0.4450
0.240760
-0.388398
-0.000000
0
0
-0.1400
-0.8845
0.4450
0.287960
-0.396343
-0.000000
0
0
-0.1400
-0.8845
-0.4450
0.240760
-0.388398
-0.000000
0
0
-0.1400
-0.8845
-0.4450
0.224068
-0.367674
-0.036882
0
0
-0.1400
-0.8845
-0.4450
0.287960
-0.396343
-0.000000
0
0
-0.1400
-0.8845
-0.4450
0.224068
-0.367674
-0.036882
0
0
-0.1400
-0.8845
-0.4450
0.267875
-0.368698
-0.047683
0
0
-0.1400
-0.8845
-0.4450
0.270547
-0.224970
-0.000000
0
0
0.9602
0.0933
-0.2632
0.254791
-0.239362
-0.066973
0
0
0.9602
0.0933
-0.2632
0.220772
-0.071733
-0.127244
0
0
0.9602
0.0933
-0.2632
0.270547
-0.224970
-0.000000
0
0
0.9602
0.0933
-0.2632
0.220772
-0.071733
-0.127244
0
0
0.9602
0.0933
-0.2632
0.258037
-0.083842
-0.000000
0
0
0.9602
0.0933
-0.2632
0.270547
-0.224970
-0.000000
0
0
0.9602
0.0933
0.2632
0.258037
-0.083842
-0.000000
0
0
0.9602
0.0933
0.2632
0.220772
-0.071733
0.127244
0
0
0.9602
0.0933
0.2632
0.270547
-0.224970
-0.000000
0
0
0.9602
0.0933
0.2632
0.220772
-0.071733
0.127244
0
0
0.9602
0.0933
0.2632
0.254791
-0.239363
0.066973
0
0
0.9602
0.0933
0.2632
0.270547
-0.224970
-0.000000
0
0
0.9467
0.1870
0.2621
0.254791
-0.239363
0.066973
0
0
0.9467
0.1870
0.2621
0.280438
-0.326719
0.036882
0
0
0.9467
0.1870
0.2621
0.270547
-0.224970
-0.000000
0
0
0.9467
0.1870
0.2621
0.280438
-0.326719
0.036882
0
0
0.9467
0.1870
0.2621
0.294989
-0.348999
-0.000000
0
0
0.9467
0.1870
0.2621
0.270547
-0.224970
-0.000000
0
0
0.9467
0.1870
-0.2621
0.294989
-0.348999
-0.000000
0
0
0.9467
0.1870
-0.2621
0.280438
-0.326719
-0.036882
0
0
0.9467
0.1870
-0.2621
0.270547
-0.224970
-0.000000
0
0
0.9467
0.1870
-0.2621
0.280438
-0.326719
-0.036882
0
0
0.9467
0.1870
-0.2621
0.254791
-0.239362
-0.066973
0
0
0.9467
0.1870
-0.2621
0.130354
-0.326825
-0.000000
0
0
-0.3855
-0.8844
0.2632
0.148912
-0.316288
0.066973
0
0
-0.3855
-0.8844
0.2632
-0.000000
-0.232133
0.127243
0
0
-0.3855
-0.8844
0.2632
0.130354
-0.326825
-0.000000
0
0
-0.3855
-0.8844
0.2632
-0.000000
-0.232133
0.127243
0
0
-0.3855
-0.8844
0.2632
-0.000000
-0.271317
-0.000000
0
0
-0.3855
-0.8844
0.2632
0.130354
-0.326825
-0.000000
0
0
-0.3855
-0.8844
-0.2632
-0.000000
-0.271317
-0.000000
0
0
-0.3855
-0.8844
-0.2632
-0.000000
-0.232133
-0.127244
0
0
-0.3855
-0.8844
-0.2632
0.130354
-0.326825
-0.000000
0
0
-0.3855
-0.8844
-0.2632
-0.000000
-0.232133
-0.127244
0
0
-0.3855
-0.8844
-0.2632
0.148912
-0.316288
-0.066973
0
0
-0.3855
-0.8844
-0.2632
0.130354
-0.326825
-0.000000
0
0
-0.4704
-0.8426
-0.2621
0.148912
-0.316288
-0.066973
0
0
-0.4704
-0.8426
-0.2621
0.224068
-0.367674
-0.036882
0
0
-0.4704
-0.8426
-0.2621
0.130354
-0.326825
-0.000000
0
0
-0.4704
-0.8426
-0.2621
0.224068
-0.367674
-0.036882
0
0
-0.4704
-0.8426
-0.2621
0.240760
-0.388398
-0.000000
0
0
-0.4704
-0.8426
-0.2621
0.130354
-0.326825
-0.000000
0
0
-0.4704
-0.8426
0.2621
0.240760
-0.388398
-0.000000
0
0
-0.4704
-0.8426
0.2621
0.224068
-0.367674
0.036882
0
0
-0.4704
-0.8426
0.2621
0.130354
-0.326825
-0.000000
0
0
-0.4704
-0.8426
0.2621
0.224068
-0.367674
0.036882
0
0
-0.4704
-0.8426
0.2621
0.148912
-0.316288
0.066973
0
0
-0.4704
-0.8426
0.2621
0.199956
-0.275216
-0.096521
0
0
0.0341
-0.4707
-0.8817
0.148912
-0.316288
-0.066973
0
0
0.0341
-0.4707
-0.8817
-0.000000
-0.232133
-0.127244
0
0
0.0341
-0.4707
-0.8817
0.199956
-0.275216
-0.096521
0
0
0.0341
-0.4707
-0.8817
-0.000000
-0.232133
-0.127244
0
0
0.0341
-0.4707
-0.8817
0.102919
-0.141656
-0.161976
0
0
0.0341
-0.4707
-0.8817
0.199956
-0.275216
-0.096521
0
0
0.4371
-0.1778
-0.8817
0.102919
-0.141656
-0.161976
0
0
0.4371
-0.1778
-0.8817
0.220772
-0.071733
-0.127244
0
0
0.4371
-0.1778
-0.8817
0.199956
-0.275216
-0.096521
0
0
0.4371
-0.1778
-0.8817
0.220772
-0.071733
-0.127244
0
0
0.4371
-0.1778
-0.8817
0.254791
-0.239362
-0.066973
0
0
0.4371
-0.1778
-0.8817
0.199956
-0.275216
-0.096521
0
0
0.5669
-0.0651
-0.8212
0.254791
-0.239362
-0.066973
0
0
0.5669
-0.0651
-0.8212
0.280438
-0.326719
-0.036882
0
0
0.5669
-0.0651
-0.8212
0.199956
-0.275216
-0.096521
0
0
0.5669
-0.0651
-0.8212
0.280438
-0.326719
-0.036882
0
0
0.5669
-0.0651
-0.8212
0.267875
-0.368698
-0.047683
0
0
0.5669
-0.0651
-0.8212
0.199956
-0.275216
-0.096521
0
0
-0.1132
-0.5593
-0.8212
0.267875
-0.368698
-0.047683
0
0
-0.1132
-0.5593
-0.8212
0.224068
-0.367674
-0.036882
0
0
-0.1132
-0.5593
-0.8212
0.199956
-0.275216
-0.096521
0
0
-0.1132
-0.5593
-0.8212
0.224068
-0.367674
-0.036882
0
0
-0.1132
-0.5593
-0.8212
0.148912
-0.316288
-0.066973
0
0
-0.1132
-0.5593
-0.8212
-0.287960
-0.396343
-0.000000
0
0
0.1400
-0.8845
-0.4450
-0.267875
-0.368698
-0.047683
0
0
0.1400
-0.8845
-0.4450
-0.224068
-0.367674
-0.036882
0
0
0.1400
-0.8845
-0.4450
-0.287960
-0.396343
-0.000000
0
0
0.1400
-0.8845
-0.4450
-0.224068
-0.367674
-0.036882
0
0
0.1400
-0.8845
-0.4450
-0.240761
-0.388398
-0.000000
0
0
0.1400
-0.8845
-0.4450
-0.287960
-0.396343
-0.000000
0
0
0.1400
-0.8845
0.4450
-0.240761
-0.388398
-0.000000
0
0
0.1400
-0.8845
0.4450
-0.224068
-0.367674
0.036882
0
0
0.1400
-0.8845
0.4450
-0.287960
-0.396343
-0.000000
0
0
0.1400
-0.8845
0.4450
-0.224068
-0.367674
0.036882
0
0
0.1400
-0.8845
0.4450
-0.267875
-0.368698
0.047683
0
0
0.1400
-0.8845
0.4450
-0.287960
-0.396343
-0.000000
0
0
-0.8845
-0.1402
0.4450
-0.267875
-0.368698
0.047683
0
0
-0.8845
-0.1402
0.4450
-0.280438
-0.326719
0.036882
0
0
-0.8845
-0.1402
0.4450
-0.287960
-0.396343
-0.000000
0
0
-0.8845
-0.1402
0.4450
-0.280438
-0.326719
0.036882
0
0
-0.8845
-0.1402
0.4450
-0.294990
-0.348998
-0.000000
0
0
-0.8845
-0.1402
0.4450
-0.287960
-0.396343
-0.000000
0
0
-0.8845
-0.1402
-0.4450
-0.294990
-0.348998
-0.000000
0
0
-0.8845
-0.1402
-0.4450
-0.280438
-0.326719
-0.036882
0
0
-0.8845
-0.1402
-0.4450
-0.287960
-0.396343
-0.000000
0
0
-0.8845
-0.1402
-0.4450
-0.280438
-0.326719
-0.036882
0
0
-0.8845
-0.1402
-0.4450
-0.267875
-0.368698
-0.047683
0
0
-0.8845
-0.1402
-0.4450
-0.199956
-0.275216
0.096521
0
0
-0.0341
-0.4707
0.8817
-0.148912
-0.316288
0.066973
0
0
-0.0341
-0.4707
0.8817
-0.000000
-0.232133
0.127243
0
0
-0.0341
-0.4707
0.8817
-0.199956
-0.275216
0.096521
0
0
-0.0341
-0.4707
0.8817
-0.000000
-0.232133
0.127243
0
0
-0.0341
-0.4707
0.8817
-0.102919
-0.141656
0.161976
0
0
-0.0341
-0.4707
0.8817
-0.199956
-0.275216
0.096521
0
0
-0.4371
-0.1778
0.8817
-0.102919
-0.141656
0.161976
0
0
-0.4371
-0.1778
0.8817
-0.220772
-0.071733
0.127244
0
0
-0.4371
-0.1778
0.8817
-0.199956
-0.275216
0.096521
0
0
-0.4371
-0.1778
0.8817
-0.220772
-0.071733
0.127244
0
0
-0.4371
-0.1778
0.8817
-0.254792
-0.239362
0.066973
0
0
-0.4371
-0.1778
0.8817
-0.199956
-0.275216
0.096521
0
0
-0.5669
-0.0651
0.8212
-0.254792
-0.239362
0.066973
0
0
-0.5669
-0.0651
0.8212
-0.280438
-0.326719
0.036882
0
0
-0.5669
-0.0651
0.8212
-0.199956
-0.275216
0.096521
0
0
-0.5669
-0.0651
0.8212
-0.280438
-0.326719
0.036882
0
0
-0.5669
-0.0651
0.8212
-0.267875
-0.368698
0.047683
0
0
-0.5669
-0.0651
0.8212
-0.199956
-0.275216
0.096521
0
0
0.1132
-0.5593
0.8212
-0.267875
-0.368698
0.047683
0
0
0.1132
-0.5593
0.8212
-0.224068
-0.367674
0.036882
0
0
0.1132
-0.5593
0.8212
-0.199956
-0.275216
0.096521
0
0
0.1132
-0.5593
0.8212
-0.224068
-0.367674
0.036882
0
0
0.1132
-0.5593
0.8212
-0.148912
-0.316288
0.066973
0
0
0.1132
-0.5593
0.8212
-0.130355
-0.326825
-0.000000
0
0
0.3855
-0.8844
-0.2632
-0.148912
-0.316288
-0.066973
0
0
0.3855
-0.8844
-0.2632
-0.000000
-0.232133
-0.127244
0
0
0.3855
-0.8844
-0.2632
-0.130355
-0.326825
-0.000000
0
0
0.3855
-0.8844
-0.2632
-0.000000
-0.232133
-0.127244
0
0
0.3855
-0.8844
-0.2632
-0.000000
-0.271317
-0.000000
0
0
0.3855
-0.8844
-0.2632
-0.130355
-0.326825
-0.000000
0
0
0.3855
-0.8844
0.2632
-0.000000
-0.271317
-0.000000
0
0
0.3855
-0.8844
0.2632
-0.000000
-0.232133
0.127243
0
0
0.3855
-0.8844
0.2632
-0.130355
-0.326825
-0.000000
0
0
0.3855
-0.8844
0.2632
-0.000000
-0.232133
0.127243
0
0
0.3855
-0.8844
0.2632
-0.148912
-0.316288
0.066973
0
0
0.3855
-0.8844
0.2632
-0.130355
-0.326825
-0.000000
0
0
0.4704
-0.8426
0.2621
-0.148912
-0.316288
0.066973
0
0
0.4704
-0.8426
0.2621
-0.224068
-0.367674
0.036882
0
0
0.4704
-0.8426
0.2621
-0.130355
-0.326825
-0.000000
0
0
0.4704
-0.8426
0.2621
-0.224068
-0.367674
0.036882
0
0
0.4704
-0.8426
0.2621
-0.240761
-0.388398
-0.000000
0
0
0.4704
-0.8426
0.2621
-0.130355
-0.326825
-0.000000
0
0
0.4704
-0.8426
-0.2621
-0.240761
-0.388398
-0.000000
0
0
0.4704
-0.8426
-0.2621
-0.224068
-0.367674
-0.036882
0
0
0.4704
-0.8426
-0.2621
-0.130355
-0.326825
-0.000000
0
0
0.4704
-0.8426
-0.2621
-0.224068
-0.367674
-0.036882
0
0
0.4704
-0.8426
-0.2621
-0.148912
-0.316288
-0.066973
0
0
0.4704
-0.8426
-0.2621
-0.199956
-0.275216
-0.096521
0
0
-0.4371
-0.1778
-0.8817
-0.254792
-0.239362
-0.066973
0
0
-0.4371
-0.1778
-0.8817
-0.220772
-0.071733
-0.127244
0
0
-0.4371
-0.1778
-0.8817
-0.199956
-0.275216
-0.096521
0
0
-0.4371
-0.1778
-0.8817
-0.220772
-0.071733
-0.127244
0
0
-0.4371
-0.1778
-0.8817
-0.102919
-0.141656
-0.161976
0
0
-0.4371
-0.1778
-0.8817
-0.199956
-0.275216
-0.096521
0
0
-0.0341
-0.4707
-0.8817
-0.102919
-0.141656
-0.161976
0
0
-0.0341
-0.4707
-0.8817
-0.000000
-0.232133
-0.127244
0
0
-0.0341
-0.4707
-0.8817
-0.199956
-0.275216
-0.096521
0
0
-0.0341
-0.4707
-0.8817
-0.000000
-0.232133
-0.127244
0
0
-0.0341
-0.4707
-0.8817
-0.148912
-0.316288
-0.066973
0
0
-0.0341
-0.4707
-0.8817
-0.199956
-0.275216
-0.096521
0
0
0.1132
-0.5593
-0.8212
-0.148912
-0.316288
-0.066973
0
0
0.1132
-0.5593
-0.8212
-0.224068
-0.367674
-0.036882
0
0
0.1132
-0.5593
-0.8212
-0.199956
-0.275216
-0.096521
0
0
0.1132
-0.5593
-0.8212
-0.224068
-0.367674
-0.036882
0
0
0.1132
-0.5593
-0.8212
-0.267875
-0.368698
-0.047683
0
0
0.1132
-0.5593
-0.8212
-0.199956
-0.275216
-0.096521
0
0
-0.5669
-0.0651
-0.8212
-0.267875
-0.368698
-0.047683
0
0
-0.5669
-0.0651
-0.8212
-0.280438
-0.326719
-0.036882
0
0
-0.5669
-0.0651
-0.8212
-0.199956
-0.275216
-0.096521
0
0
-0.5669
-0.0651
-0.8212
-0.280438
-0.326719
-0.036882
0
0
-0.5669
-0.0651
-0.8212
-0.254792
-0.239362
-0.066973
0
0
-0.5669
-0.0651
-0.8212
